2.00000000e-01 1.41196126e-02 
2.00100049e-01 1.41194946e-02 
2.00200148e-01 1.41193838e-02 
2.00300297e-01 1.41192730e-02 
2.00400496e-01 1.41191623e-02 
2.00500745e-01 1.41190516e-02 
2.00601045e-01 1.41189409e-02 
2.00701394e-01 1.41188302e-02 
2.00801794e-01 1.41187195e-02 
2.00902244e-01 1.41186089e-02 
2.01002744e-01 1.41184968e-02 
2.01103295e-01 1.41183850e-02 
2.01203896e-01 1.41182745e-02 
2.01304547e-01 1.41181640e-02 
2.01405248e-01 1.41180535e-02 
2.01506000e-01 1.41179431e-02 
2.01606803e-01 1.41178327e-02 
2.01707655e-01 1.41177223e-02 
2.01808558e-01 1.41176119e-02 
2.01909512e-01 1.41175016e-02 
2.02010516e-01 1.41173816e-02 
2.02111571e-01 1.41172636e-02 
2.02212676e-01 1.41171534e-02 
2.02313832e-01 1.41170431e-02 
2.02415038e-01 1.41169329e-02 
2.02516295e-01 1.41168228e-02 
2.02617603e-01 1.41167127e-02 
2.02718961e-01 1.41166025e-02 
2.02820370e-01 1.41164925e-02 
2.02921830e-01 1.41163824e-02 
2.03023341e-01 1.41162825e-02 
2.03124902e-01 1.41161752e-02 
2.03226514e-01 1.41160652e-02 
2.03328177e-01 1.41159553e-02 
2.03429891e-01 1.41158454e-02 
2.03531656e-01 1.41157355e-02 
2.03633471e-01 1.41156256e-02 
2.03735338e-01 1.41155158e-02 
2.03837255e-01 1.41154060e-02 
2.03939224e-01 1.41152962e-02 
2.04041243e-01 1.41151950e-02 
2.04143314e-01 1.41150861e-02 
2.04245435e-01 1.41149764e-02 
2.04347608e-01 1.41148667e-02 
2.04449832e-01 1.41147571e-02 
2.04552107e-01 1.41146475e-02 
2.04654433e-01 1.41145379e-02 
2.04756810e-01 1.41144283e-02 
2.04859239e-01 1.41143188e-02 
2.04961718e-01 1.41142069e-02 
2.05064249e-01 1.41140811e-02 
2.05166832e-01 1.41139716e-02 
2.05269465e-01 1.41138622e-02 
2.05372150e-01 1.41137528e-02 
2.05474886e-01 1.41136434e-02 
2.05577674e-01 1.41135341e-02 
2.05680513e-01 1.41134248e-02 
2.05783404e-01 1.41133155e-02 
2.05886346e-01 1.41132062e-02 
2.05989339e-01 1.41130976e-02 
2.06092384e-01 1.41129893e-02 
2.06195481e-01 1.41128801e-02 
2.06298629e-01 1.41127710e-02 
2.06401829e-01 1.41126618e-02 
2.06505080e-01 1.41125527e-02 
2.06608383e-01 1.41124436e-02 
2.06711738e-01 1.41123346e-02 
2.06815145e-01 1.41122256e-02 
2.06918603e-01 1.41121191e-02 
2.07022113e-01 1.41120201e-02 
2.07125674e-01 1.41119111e-02 
2.07229288e-01 1.41118022e-02 
2.07332953e-01 1.41116933e-02 
2.07436670e-01 1.41115844e-02 
2.07540439e-01 1.41114756e-02 
2.07644260e-01 1.41113706e-02 
2.07748133e-01 1.41112620e-02 
2.07852058e-01 1.41111532e-02 
2.07956035e-01 1.41110445e-02 
2.08060064e-01 1.41109358e-02 
2.08164145e-01 1.41108151e-02 
2.08268278e-01 1.41106997e-02 
2.08372463e-01 1.41105911e-02 
2.08476700e-01 1.41104825e-02 
2.08580989e-01 1.41103739e-02 
2.08685331e-01 1.41102653e-02 
2.08789725e-01 1.41101568e-02 
2.08894171e-01 1.41100483e-02 
2.08998669e-01 1.41099506e-02 
2.09103219e-01 1.41098494e-02 
2.09207822e-01 1.41097410e-02 
2.09312477e-01 1.41096326e-02 
2.09417184e-01 1.41095242e-02 
2.09521944e-01 1.41094158e-02 
2.09626757e-01 1.41093075e-02 
2.09731621e-01 1.41091992e-02 
2.09836538e-01 1.41090909e-02 
2.09941508e-01 1.41089827e-02 
2.10046530e-01 1.41089199e-02 
2.10151605e-01 1.41088131e-02 
2.10256732e-01 1.41087049e-02 
2.10361912e-01 1.41085968e-02 
2.10467144e-01 1.41084886e-02 
2.10572429e-01 1.41083805e-02 
2.10677767e-01 1.41082724e-02 
2.10783157e-01 1.41081644e-02 
2.10888600e-01 1.41080563e-02 
2.10994096e-01 1.41079550e-02 
2.11099645e-01 1.41078534e-02 
2.11205246e-01 1.41077454e-02 
2.11310901e-01 1.41076375e-02 
2.11416608e-01 1.41075296e-02 
2.11522368e-01 1.41074217e-02 
2.11628181e-01 1.41073138e-02 
2.11734046e-01 1.41072060e-02 
2.11839965e-01 1.41070982e-02 
2.11945937e-01 1.41069904e-02 
2.12051962e-01 1.41068656e-02 
2.12158040e-01 1.41067577e-02 
2.12264171e-01 1.41066500e-02 
2.12370355e-01 1.41065423e-02 
2.12476592e-01 1.41064346e-02 
2.12582882e-01 1.41063270e-02 
2.12689225e-01 1.41062193e-02 
2.12795622e-01 1.41061117e-02 
2.12902072e-01 1.41060042e-02 
2.13008575e-01 1.41058875e-02 
2.13115131e-01 1.41057733e-02 
2.13221741e-01 1.41056658e-02 
2.13328404e-01 1.41055583e-02 
2.13435121e-01 1.41054508e-02 
2.13541890e-01 1.41053434e-02 
2.13648713e-01 1.41052360e-02 
2.13755590e-01 1.41051286e-02 
2.13862520e-01 1.41050213e-02 
2.13969504e-01 1.41049239e-02 
2.14076541e-01 1.41048418e-02 
2.14183631e-01 1.41047345e-02 
2.14290776e-01 1.41046272e-02 
2.14397973e-01 1.41045200e-02 
2.14505225e-01 1.41044128e-02 
2.14612530e-01 1.41043056e-02 
2.14719889e-01 1.41041984e-02 
2.14827301e-01 1.41040913e-02 
2.14934767e-01 1.41039841e-02 
2.15042287e-01 1.41038678e-02 
2.15149861e-01 1.41037596e-02 
2.15257489e-01 1.41036525e-02 
2.15365170e-01 1.41035455e-02 
2.15472905e-01 1.41034385e-02 
2.15580694e-01 1.41033315e-02 
2.15688537e-01 1.41032246e-02 
2.15796434e-01 1.41031176e-02 
2.15904385e-01 1.41030107e-02 
2.16012390e-01 1.41028985e-02 
2.16120450e-01 1.41027878e-02 
2.16228563e-01 1.41026809e-02 
2.16336730e-01 1.41025741e-02 
2.16444951e-01 1.41024673e-02 
2.16553226e-01 1.41023605e-02 
2.16661556e-01 1.41022538e-02 
2.16769940e-01 1.41021471e-02 
2.16878378e-01 1.41020404e-02 
2.16986870e-01 1.41019319e-02 
2.17095417e-01 1.41018223e-02 
2.17204017e-01 1.41017157e-02 
2.17312672e-01 1.41016091e-02 
2.17421382e-01 1.41015025e-02 
2.17530146e-01 1.41013959e-02 
2.17638964e-01 1.41012894e-02 
2.17747837e-01 1.41011829e-02 
2.17856764e-01 1.41010764e-02 
2.17965746e-01 1.41009757e-02 
2.18074782e-01 1.41008867e-02 
2.18183873e-01 1.41007802e-02 
2.18293018e-01 1.41006738e-02 
2.18402218e-01 1.41005675e-02 
2.18511472e-01 1.41004611e-02 
2.18620781e-01 1.41003547e-02 
2.18730145e-01 1.41002484e-02 
2.18839564e-01 1.41001421e-02 
2.18949037e-01 1.41000349e-02 
2.19058565e-01 1.40999020e-02 
2.19168148e-01 1.40997958e-02 
2.19277786e-01 1.40996896e-02 
2.19387478e-01 1.40995834e-02 
2.19497226e-01 1.40994772e-02 
2.19607028e-01 1.40993711e-02 
2.19716885e-01 1.40992650e-02 
2.19826797e-01 1.40991589e-02 
2.19936765e-01 1.40990528e-02 
2.20046787e-01 1.40989516e-02 
2.20156864e-01 1.40988459e-02 
2.20266996e-01 1.40987399e-02 
2.20377184e-01 1.40986340e-02 
2.20487426e-01 1.40985280e-02 
2.20597724e-01 1.40984221e-02 
2.20708077e-01 1.40983161e-02 
2.20818485e-01 1.40982102e-02 
2.20928948e-01 1.40981044e-02 
2.21039466e-01 1.40979584e-02 
2.21150040e-01 1.40978427e-02 
2.21260669e-01 1.40977369e-02 
2.21371354e-01 1.40976311e-02 
2.21482094e-01 1.40975254e-02 
2.21592889e-01 1.40974196e-02 
2.21703739e-01 1.40973139e-02 
2.21814645e-01 1.40972082e-02 
2.21925607e-01 1.40971025e-02 
2.22036624e-01 1.40970293e-02 
2.22147697e-01 1.40969286e-02 
2.22258825e-01 1.40968230e-02 
2.22370009e-01 1.40967174e-02 
2.22481248e-01 1.40966119e-02 
2.22592543e-01 1.40965063e-02 
2.22703894e-01 1.40964008e-02 
2.22815300e-01 1.40962953e-02 
2.22926762e-01 1.40961898e-02 
2.23038280e-01 1.40960804e-02 
2.23149854e-01 1.40959744e-02 
2.23261483e-01 1.40958690e-02 
2.23373169e-01 1.40957636e-02 
2.23484910e-01 1.40956582e-02 
2.23596707e-01 1.40955528e-02 
2.23708560e-01 1.40954475e-02 
2.23820469e-01 1.40953422e-02 
2.23932434e-01 1.40952369e-02 
2.24044455e-01 1.40951147e-02 
2.24156532e-01 1.40950073e-02 
2.24268665e-01 1.40949021e-02 
2.24380854e-01 1.40947969e-02 
2.24493100e-01 1.40946917e-02 
2.24605401e-01 1.40945865e-02 
2.24717759e-01 1.40944814e-02 
2.24830173e-01 1.40943762e-02 
2.24942643e-01 1.40942711e-02 
2.25055169e-01 1.40940967e-02 
2.25167752e-01 1.40939907e-02 
2.25280391e-01 1.40938856e-02 
2.25393086e-01 1.40937806e-02 
2.25505838e-01 1.40936756e-02 
2.25618646e-01 1.40935706e-02 
2.25731510e-01 1.40934656e-02 
2.25844431e-01 1.40933607e-02 
2.25957409e-01 1.40932608e-02 
2.26070443e-01 1.40931977e-02 
2.26183533e-01 1.40930928e-02 
2.26296680e-01 1.40929880e-02 
2.26409884e-01 1.40928831e-02 
2.26523144e-01 1.40927783e-02 
2.26636461e-01 1.40926735e-02 
2.26749835e-01 1.40925687e-02 
2.26863265e-01 1.40924639e-02 
2.26976752e-01 1.40923398e-02 
2.27090296e-01 1.40921971e-02 
2.27203897e-01 1.40920924e-02 
2.27317554e-01 1.40919877e-02 
2.27431269e-01 1.40918831e-02 
2.27545040e-01 1.40917784e-02 
2.27658868e-01 1.40916738e-02 
2.27772753e-01 1.40915692e-02 
2.27886695e-01 1.40914646e-02 
2.28000695e-01 1.40913953e-02 
2.28114751e-01 1.40913146e-02 
2.28228864e-01 1.40912101e-02 
2.28343034e-01 1.40911056e-02 
2.28457261e-01 1.40910011e-02 
2.28571546e-01 1.40908966e-02 
2.28685888e-01 1.40907922e-02 
2.28800287e-01 1.40906877e-02 
2.28914743e-01 1.40905833e-02 
2.29029256e-01 1.40903849e-02 
2.29143827e-01 1.40902388e-02 
2.29258455e-01 1.40901345e-02 
2.29373140e-01 1.40900302e-02 
2.29487883e-01 1.40899259e-02 
2.29602683e-01 1.40898216e-02 
2.29717540e-01 1.40897173e-02 
2.29832455e-01 1.40896131e-02 
2.29947427e-01 1.40895189e-02 
2.30062457e-01 1.40895780e-02 
2.30177545e-01 1.40894738e-02 
2.30292690e-01 1.40893696e-02 
2.30407893e-01 1.40892655e-02 
2.30523153e-01 1.40891613e-02 
2.30638471e-01 1.40890572e-02 
2.30753847e-01 1.40889531e-02 
2.30869280e-01 1.40888491e-02 
2.30984771e-01 1.40886783e-02 
2.31100320e-01 1.40884334e-02 
2.31215927e-01 1.40883293e-02 
2.31331591e-01 1.40882254e-02 
2.31447314e-01 1.40881214e-02 
2.31563094e-01 1.40880174e-02 
2.31678932e-01 1.40879135e-02 
2.31794828e-01 1.40878096e-02 
2.31910782e-01 1.40877057e-02 
2.32026794e-01 1.40876217e-02 
2.32142864e-01 1.40875257e-02 
2.32258993e-01 1.40874219e-02 
2.32375179e-01 1.40873181e-02 
2.32491423e-01 1.40872143e-02 
2.32607726e-01 1.40871105e-02 
2.32724087e-01 1.40870067e-02 
2.32840506e-01 1.40869030e-02 
2.32956983e-01 1.40867722e-02 
2.33073518e-01 1.40864163e-02 
2.33190112e-01 1.40863126e-02 
2.33306764e-01 1.40862090e-02 
2.33423475e-01 1.40861053e-02 
2.33540243e-01 1.40860017e-02 
2.33657071e-01 1.40858981e-02 
2.33773956e-01 1.40857945e-02 
2.33890901e-01 1.40856909e-02 
2.34007903e-01 1.40855605e-02 
2.34124964e-01 1.40854225e-02 
2.34242084e-01 1.40853190e-02 
2.34359262e-01 1.40852155e-02 
2.34476499e-01 1.40851120e-02 
2.34593795e-01 1.40850085e-02 
2.34711149e-01 1.40849051e-02 
2.34828562e-01 1.40848017e-02 
2.34946034e-01 1.40847320e-02 
2.35063564e-01 1.40849620e-02 
2.35181154e-01 1.40848586e-02 
2.35298802e-01 1.40847553e-02 
2.35416509e-01 1.40846520e-02 
2.35534275e-01 1.40845486e-02 
2.35652099e-01 1.40844453e-02 
2.35769983e-01 1.40843421e-02 
2.35887926e-01 1.40842388e-02 
2.36005927e-01 1.40839959e-02 
2.36123988e-01 1.40836683e-02 
2.36242108e-01 1.40835651e-02 
2.36360287e-01 1.40834619e-02 
2.36478525e-01 1.40833587e-02 
2.36596822e-01 1.40832556e-02 
2.36715178e-01 1.40831524e-02 
2.36833593e-01 1.40830493e-02 
2.36952068e-01 1.40829674e-02 
2.37070602e-01 1.40830091e-02 
2.37189195e-01 1.40829061e-02 
2.37307848e-01 1.40828030e-02 
2.37426560e-01 1.40827000e-02 
2.37545331e-01 1.40825970e-02 
2.37664162e-01 1.40824940e-02 
2.37783052e-01 1.40823910e-02 
2.37902002e-01 1.40822881e-02 
2.38021011e-01 1.40817399e-02 
2.38140080e-01 1.40812377e-02 
2.38259208e-01 1.40811348e-02 
2.38378396e-01 1.40810319e-02 
2.38497644e-01 1.40809290e-02 
2.38616951e-01 1.40808262e-02 
2.38736318e-01 1.40807234e-02 
2.38855744e-01 1.40806206e-02 
2.38975230e-01 1.40806460e-02 
2.39094776e-01 1.40807732e-02 
2.39214382e-01 1.40806705e-02 
2.39334048e-01 1.40805677e-02 
2.39453774e-01 1.40804650e-02 
2.39573559e-01 1.40803623e-02 
2.39693404e-01 1.40802596e-02 
2.39813310e-01 1.40801570e-02 
2.39933275e-01 1.40800543e-02 
2.40053300e-01 1.40794189e-02 
2.40173386e-01 1.40792853e-02 
2.40293531e-01 1.40791827e-02 
2.40413737e-01 1.40790801e-02 
2.40534002e-01 1.40789776e-02 
2.40654328e-01 1.40788750e-02 
2.40774714e-01 1.40787725e-02 
2.40895160e-01 1.40786700e-02 
2.41015667e-01 1.40790252e-02 
2.41136234e-01 1.40791441e-02 
2.41256861e-01 1.40790417e-02 
2.41377548e-01 1.40789392e-02 
2.41498296e-01 1.40788368e-02 
2.41619104e-01 1.40787344e-02 
2.41739973e-01 1.40786320e-02 
2.41860902e-01 1.40785296e-02 
2.41981892e-01 1.40785834e-02 
2.42102942e-01 1.40786278e-02 
2.42224052e-01 1.40785255e-02 
2.42345224e-01 1.40784232e-02 
2.42466456e-01 1.40783209e-02 
2.42587748e-01 1.40782186e-02 
2.42709101e-01 1.40781163e-02 
2.42830515e-01 1.40780141e-02 
2.42951990e-01 1.40778906e-02 
2.43073525e-01 1.40776100e-02 
2.43195122e-01 1.40775078e-02 
2.43316779e-01 1.40774056e-02 
2.43438497e-01 1.40773035e-02 
2.43560275e-01 1.40772013e-02 
2.43682115e-01 1.40770992e-02 
2.43804016e-01 1.40769971e-02 
2.43925977e-01 1.40768950e-02 
2.44048000e-01 1.40767763e-02 
2.44170084e-01 1.40766727e-02 
2.44292228e-01 1.40765707e-02 
2.44414434e-01 1.40764686e-02 
2.44536701e-01 1.40763666e-02 
2.44659029e-01 1.40762647e-02 
2.44781419e-01 1.40761627e-02 
2.44903869e-01 1.40760607e-02 
2.45026381e-01 1.40759276e-02 
2.45148954e-01 1.40758142e-02 
2.45271589e-01 1.40757123e-02 
2.45394285e-01 1.40756104e-02 
2.45517042e-01 1.40755085e-02 
2.45639860e-01 1.40754067e-02 
2.45762740e-01 1.40753048e-02 
2.45885682e-01 1.40752030e-02 
2.46008685e-01 1.40751520e-02 
2.46131749e-01 1.40750972e-02 
2.46254875e-01 1.40749955e-02 
2.46378063e-01 1.40748937e-02 
2.46501312e-01 1.40747920e-02 
2.46624623e-01 1.40746902e-02 
2.46747996e-01 1.40745885e-02 
2.46871430e-01 1.40744868e-02 
2.46994926e-01 1.40741357e-02 
2.47118484e-01 1.40736981e-02 
2.47242104e-01 1.40735964e-02 
2.47365785e-01 1.40734948e-02 
2.47489529e-01 1.40733932e-02 
2.47613334e-01 1.40732916e-02 
2.47737201e-01 1.40731900e-02 
2.47861130e-01 1.40730885e-02 
2.47985122e-01 1.40729943e-02 
2.48109175e-01 1.40729167e-02 
2.48233290e-01 1.40728152e-02 
2.48357467e-01 1.40727137e-02 
2.48481707e-01 1.40726123e-02 
2.48606009e-01 1.40725108e-02 
2.48730372e-01 1.40724094e-02 
2.48854798e-01 1.40723079e-02 
2.48979287e-01 1.40723401e-02 
2.49103837e-01 1.40724214e-02 
2.49228450e-01 1.40723200e-02 
2.49353125e-01 1.40722186e-02 
2.49477863e-01 1.40721173e-02 
2.49602663e-01 1.40720159e-02 
2.49727525e-01 1.40719146e-02 
2.49852450e-01 1.40718133e-02 
2.49977437e-01 1.40716695e-02 
2.50102487e-01 1.40715110e-02 
2.50227600e-01 1.40714098e-02 
2.50352775e-01 1.40713085e-02 
2.50478012e-01 1.40712073e-02 
2.50603312e-01 1.40711061e-02 
2.50728675e-01 1.40710049e-02 
2.50854101e-01 1.40708585e-02 
2.50979589e-01 1.40701128e-02 
2.51105141e-01 1.40700117e-02 
2.51230755e-01 1.40699106e-02 
2.51356431e-01 1.40698094e-02 
2.51482171e-01 1.40697084e-02 
2.51607974e-01 1.40686414e-02 
2.51733839e-01 1.40684851e-02 
2.51859768e-01 1.40683840e-02 
2.51985759e-01 1.40682830e-02 
2.52111814e-01 1.40680731e-02 
2.52237931e-01 1.40675226e-02 
2.52364112e-01 1.40674216e-02 
2.52490356e-01 1.40673207e-02 
2.52616663e-01 1.40672197e-02 
2.52743033e-01 1.40671188e-02 
2.52869466e-01 1.40670179e-02 
2.52995963e-01 1.40663116e-02 
2.53122523e-01 1.40656876e-02 
2.53249146e-01 1.40655868e-02 
2.53375832e-01 1.40654859e-02 
2.53502582e-01 1.40653851e-02 
2.53629395e-01 1.40652843e-02 
2.53756272e-01 1.40651835e-02 
2.53883212e-01 1.40650827e-02 
2.54010216e-01 1.40651606e-02 
2.54137283e-01 1.40651597e-02 
2.54264414e-01 1.40650589e-02 
2.54391608e-01 1.40649582e-02 
2.54518867e-01 1.40648575e-02 
2.54646188e-01 1.40647568e-02 
2.54773574e-01 1.40646561e-02 
2.54901023e-01 1.40645555e-02 
2.55028536e-01 1.40663463e-02 
2.55156112e-01 1.40665614e-02 
2.55283753e-01 1.40664608e-02 
2.55411457e-01 1.40663602e-02 
2.55539225e-01 1.40662595e-02 
2.55667057e-01 1.40661590e-02 
2.55794953e-01 1.40660584e-02 
2.55922913e-01 1.40659578e-02 
2.56050937e-01 1.40662672e-02 
2.56179025e-01 1.40662226e-02 
2.56307178e-01 1.40661221e-02 
2.56435394e-01 1.40660216e-02 
2.56563674e-01 1.40659211e-02 
2.56692019e-01 1.40658206e-02 
2.56820428e-01 1.40657202e-02 
2.56948901e-01 1.40656247e-02 
2.57077438e-01 1.40655542e-02 
2.57206040e-01 1.40654538e-02 
2.57334706e-01 1.40653534e-02 
2.57463436e-01 1.40652530e-02 
2.57592231e-01 1.40651527e-02 
2.57721090e-01 1.40650523e-02 
2.57850013e-01 1.40649519e-02 
2.57979001e-01 1.40648800e-02 
2.58108054e-01 1.40648431e-02 
2.58237171e-01 1.40647428e-02 
2.58366353e-01 1.40646425e-02 
2.58495599e-01 1.40645422e-02 
2.58624910e-01 1.40644420e-02 
2.58754286e-01 1.40643417e-02 
2.58883726e-01 1.40642415e-02 
2.59013232e-01 1.40639073e-02 
2.59142801e-01 1.40636312e-02 
2.59272436e-01 1.40635310e-02 
2.59402136e-01 1.40634309e-02 
2.59531900e-01 1.40633307e-02 
2.59661730e-01 1.40632306e-02 
2.59791624e-01 1.40631304e-02 
2.59921584e-01 1.40630303e-02 
2.60051608e-01 1.40619159e-02 
2.60181697e-01 1.40616667e-02 
2.60311852e-01 1.40615666e-02 
2.60442071e-01 1.40614666e-02 
2.60572356e-01 1.40613665e-02 
2.60702706e-01 1.40612665e-02 
2.60833121e-01 1.40611665e-02 
2.60963602e-01 1.40610360e-02 
2.61094147e-01 1.40608175e-02 
2.61224758e-01 1.40607175e-02 
2.61355434e-01 1.40606176e-02 
2.61486176e-01 1.40605176e-02 
2.61616983e-01 1.40604177e-02 
2.61747856e-01 1.40603178e-02 
2.61878793e-01 1.40602179e-02 
2.62009797e-01 1.40602147e-02 
2.62140866e-01 1.40601632e-02 
2.62272000e-01 1.40600633e-02 
2.62403201e-01 1.40599635e-02 
2.62534466e-01 1.40598637e-02 
2.62665798e-01 1.40597639e-02 
2.62797195e-01 1.40596641e-02 
2.62928658e-01 1.40595643e-02 
2.63060186e-01 1.40604076e-02 
2.63191781e-01 1.40603277e-02 
2.63323441e-01 1.40602280e-02 
2.63455167e-01 1.40601283e-02 
2.63586959e-01 1.40600285e-02 
2.63718817e-01 1.40599288e-02 
2.63850741e-01 1.40598291e-02 
2.63982731e-01 1.40600721e-02 
2.64114787e-01 1.40603917e-02 
2.64246909e-01 1.40602921e-02 
2.64379097e-01 1.40601925e-02 
2.64511351e-01 1.40600928e-02 
2.64643672e-01 1.40599932e-02 
2.64776058e-01 1.40598936e-02 
2.64908511e-01 1.40597940e-02 
2.65041030e-01 1.40597942e-02 
2.65173615e-01 1.40597112e-02 
2.65306267e-01 1.40596117e-02 
2.65438985e-01 1.40595121e-02 
2.65571769e-01 1.40594126e-02 
2.65704620e-01 1.40593131e-02 
2.65837538e-01 1.40592136e-02 
2.65970521e-01 1.40589906e-02 
2.66103572e-01 1.40583241e-02 
2.66236689e-01 1.40582247e-02 
2.66369872e-01 1.40581252e-02 
2.66503122e-01 1.40580258e-02 
2.66636439e-01 1.40579264e-02 
2.66769822e-01 1.40578270e-02 
2.66903272e-01 1.40577276e-02 
2.67036789e-01 1.40579754e-02 
2.67170373e-01 1.40579603e-02 
2.67304024e-01 1.40578610e-02 
2.67437741e-01 1.40577617e-02 
2.67571525e-01 1.40576623e-02 
2.67705376e-01 1.40575630e-02 
2.67839295e-01 1.40574638e-02 
2.67973280e-01 1.40573264e-02 
2.68107332e-01 1.40571528e-02 
2.68241451e-01 1.40570536e-02 
2.68375638e-01 1.40569543e-02 
2.68509891e-01 1.40568551e-02 
2.68644212e-01 1.40567559e-02 
2.68778599e-01 1.40566567e-02 
2.68913054e-01 1.40565576e-02 
2.69047577e-01 1.40563318e-02 
2.69182166e-01 1.40562018e-02 
2.69316823e-01 1.40561026e-02 
2.69451548e-01 1.40560035e-02 
2.69586339e-01 1.40559044e-02 
2.69721198e-01 1.40558053e-02 
2.69856125e-01 1.40557062e-02 
2.69991119e-01 1.40554928e-02 
2.70126181e-01 1.40552789e-02 
2.70261310e-01 1.40551798e-02 
2.70396506e-01 1.40550808e-02 
2.70531771e-01 1.40549818e-02 
2.70667103e-01 1.40548828e-02 
2.70802503e-01 1.40547838e-02 
2.70937970e-01 1.40546590e-02 
2.71073505e-01 1.40536877e-02 
2.71209108e-01 1.40535887e-02 
2.71344779e-01 1.40534898e-02 
2.71480518e-01 1.40533909e-02 
2.71616325e-01 1.40532919e-02 
2.71752199e-01 1.40531931e-02 
2.71888142e-01 1.40530942e-02 
2.72024152e-01 1.40526316e-02 
2.72160231e-01 1.40523030e-02 
2.72296378e-01 1.40522041e-02 
2.72432593e-01 1.40521053e-02 
2.72568875e-01 1.40520065e-02 
2.72705227e-01 1.40519077e-02 
2.72841646e-01 1.40518089e-02 
2.72978133e-01 1.40519757e-02 
2.73114689e-01 1.40522769e-02 
2.73251313e-01 1.40521781e-02 
2.73388006e-01 1.40520794e-02 
2.73524767e-01 1.40519807e-02 
2.73661596e-01 1.40518819e-02 
2.73798494e-01 1.40517832e-02 
2.73935460e-01 1.40516184e-02 
2.74072495e-01 1.40470173e-02 
2.74209598e-01 1.40469186e-02 
2.74346770e-01 1.40468200e-02 
2.74484010e-01 1.40467214e-02 
2.74621320e-01 1.40466228e-02 
2.74758697e-01 1.40465242e-02 
2.74896144e-01 1.40464256e-02 
2.75033659e-01 1.40483523e-02 
2.75171243e-01 1.40487235e-02 
2.75308896e-01 1.40486250e-02 
2.75446618e-01 1.40485264e-02 
2.75584409e-01 1.40484279e-02 
2.75722268e-01 1.40483293e-02 
2.75860197e-01 1.40482308e-02 
2.75998194e-01 1.40483490e-02 
2.76136261e-01 1.40484127e-02 
2.76274397e-01 1.40483143e-02 
2.76412601e-01 1.40482158e-02 
2.76550875e-01 1.40481173e-02 
2.76689218e-01 1.40480188e-02 
2.76827631e-01 1.40479204e-02 
2.76966112e-01 1.40476065e-02 
2.77104663e-01 1.40469153e-02 
2.77243283e-01 1.40468169e-02 
2.77381973e-01 1.40467185e-02 
2.77520731e-01 1.40466201e-02 
2.77659560e-01 1.40465217e-02 
2.77798457e-01 1.40464234e-02 
2.77937425e-01 1.40462694e-02 
2.78076461e-01 1.40441060e-02 
2.78215567e-01 1.40440077e-02 
2.78354743e-01 1.40439095e-02 
2.78493989e-01 1.40438112e-02 
2.78633304e-01 1.40437129e-02 
2.78772689e-01 1.40436147e-02 
2.78912143e-01 1.40435164e-02 
2.79051667e-01 1.40312171e-02 
2.79191262e-01 1.40265014e-02 
2.79330925e-01 1.40264033e-02 
2.79470659e-01 1.40263052e-02 
2.79610463e-01 1.40262071e-02 
2.79750337e-01 1.40261091e-02 
2.79890280e-01 1.40260111e-02 
2.80030294e-01 1.40296122e-02 
2.80170377e-01 1.40306663e-02 
2.80310531e-01 1.40305682e-02 
2.80450755e-01 1.40304702e-02 
2.80591049e-01 1.40303722e-02 
2.80731413e-01 1.40302742e-02 
2.80871847e-01 1.40301762e-02 
2.81012352e-01 1.40410309e-02 
2.81152927e-01 1.40432178e-02 
2.81293572e-01 1.40431198e-02 
2.81434288e-01 1.40430217e-02 
2.81575074e-01 1.40429237e-02 
2.81715930e-01 1.40428257e-02 
2.81856857e-01 1.40427277e-02 
2.81997854e-01 1.40440038e-02 
2.82138922e-01 1.40447776e-02 
2.82280061e-01 1.40446796e-02 
2.82421270e-01 1.40445816e-02 
2.82562549e-01 1.40444837e-02 
2.82703900e-01 1.40443858e-02 
2.82845321e-01 1.40442878e-02 
2.82986813e-01 1.40442088e-02 
2.83128375e-01 1.40441405e-02 
2.83270009e-01 1.40440426e-02 
2.83411713e-01 1.40439447e-02 
2.83553488e-01 1.40438468e-02 
2.83695334e-01 1.40437490e-02 
2.83837251e-01 1.40436511e-02 
2.83979240e-01 1.40431954e-02 
2.84121299e-01 1.40420265e-02 
2.84263429e-01 1.40419287e-02 
2.84405630e-01 1.40418309e-02 
2.84547902e-01 1.40417331e-02 
2.84690246e-01 1.40416353e-02 
2.84832661e-01 1.40415376e-02 
2.84975147e-01 1.40411919e-02 
2.85117704e-01 1.40400054e-02 
2.85260332e-01 1.40399077e-02 
2.85403032e-01 1.40398100e-02 
2.85545804e-01 1.40397123e-02 
2.85688646e-01 1.40396146e-02 
2.85831561e-01 1.40395169e-02 
2.85974546e-01 1.40403658e-02 
2.86117604e-01 1.40409032e-02 
2.86260732e-01 1.40408055e-02 
2.86403933e-01 1.40407079e-02 
2.86547205e-01 1.40406102e-02 
2.86690548e-01 1.40405126e-02 
2.86833964e-01 1.40404150e-02 
2.86977451e-01 1.40409424e-02 
2.87121010e-01 1.40416436e-02 
2.87264641e-01 1.40415460e-02 
2.87408343e-01 1.40414485e-02 
2.87552118e-01 1.40413509e-02 
2.87695964e-01 1.40412534e-02 
2.87839882e-01 1.40411559e-02 
2.87983873e-01 1.40403060e-02 
2.88127935e-01 1.40388509e-02 
2.88272070e-01 1.40387534e-02 
2.88416276e-01 1.40386559e-02 
2.88560555e-01 1.40385585e-02 
2.88704906e-01 1.40384610e-02 
2.88849329e-01 1.40383636e-02 
2.88993824e-01 1.40385642e-02 
2.89138392e-01 1.40387513e-02 
2.89283031e-01 1.40386538e-02 
2.89427744e-01 1.40385564e-02 
2.89572528e-01 1.40384591e-02 
2.89717386e-01 1.40383617e-02 
2.89862315e-01 1.40382643e-02 
2.90007317e-01 1.40381670e-02 
2.90152392e-01 1.40380696e-02 
2.90297539e-01 1.40385515e-02 
2.90442759e-01 1.40385435e-02 
2.90588051e-01 1.40384462e-02 
2.90733416e-01 1.40383489e-02 
2.90878854e-01 1.40382516e-02 
2.91024365e-01 1.40381543e-02 
2.91169948e-01 1.40380571e-02 
2.91315604e-01 1.40379598e-02 
2.91461333e-01 1.40378626e-02 
2.91607135e-01 1.40377653e-02 
2.91753010e-01 1.40376681e-02 
2.91898958e-01 1.40375709e-02 
2.92044979e-01 1.40365826e-02 
2.92191073e-01 1.40362453e-02 
2.92337240e-01 1.40361481e-02 
2.92483480e-01 1.40360510e-02 
2.92629793e-01 1.40359538e-02 
2.92776179e-01 1.40358567e-02 
2.92922639e-01 1.40357595e-02 
2.93069172e-01 1.40356624e-02 
2.93215778e-01 1.40355653e-02 
2.93362458e-01 1.40354682e-02 
2.93509211e-01 1.40353711e-02 
2.93656037e-01 1.40352740e-02 
2.93802937e-01 1.40351770e-02 
2.93949911e-01 1.40350385e-02 
2.94096957e-01 1.40347154e-02 
2.94244078e-01 1.40346184e-02 
2.94391272e-01 1.40345213e-02 
2.94538539e-01 1.40344243e-02 
2.94685881e-01 1.40343273e-02 
2.94833296e-01 1.40342303e-02 
2.94980785e-01 1.40341334e-02 
2.95128347e-01 1.40340364e-02 
2.95275983e-01 1.40339394e-02 
2.95423694e-01 1.40338425e-02 
2.95571478e-01 1.40337455e-02 
2.95719336e-01 1.40336486e-02 
2.95867268e-01 1.40335517e-02 
2.96015274e-01 1.40337203e-02 
2.96163354e-01 1.40337844e-02 
2.96311508e-01 1.40336875e-02 
2.96459736e-01 1.40335906e-02 
2.96608039e-01 1.40334938e-02 
2.96756415e-01 1.40333969e-02 
2.96904866e-01 1.40333001e-02 
2.97053391e-01 1.40332032e-02 
2.97201990e-01 1.40331064e-02 
2.97350664e-01 1.40330096e-02 
2.97499412e-01 1.40329128e-02 
2.97648234e-01 1.40328160e-02 
2.97797131e-01 1.40327192e-02 
2.97946103e-01 1.40324925e-02 
2.98095149e-01 1.40315776e-02 
2.98244269e-01 1.40314808e-02 
2.98393464e-01 1.40313841e-02 
2.98542734e-01 1.40312874e-02 
2.98692078e-01 1.40311906e-02 
2.98841497e-01 1.40310939e-02 
2.98990991e-01 1.40309972e-02 
2.99140560e-01 1.40309006e-02 
2.99290203e-01 1.40308039e-02 
2.99439922e-01 1.40307072e-02 
2.99589715e-01 1.40306106e-02 
2.99739583e-01 1.40305139e-02 
2.99889526e-01 1.40304173e-02 
3.00039544e-01 1.40300744e-02 
3.00189637e-01 1.40299034e-02 
3.00339806e-01 1.40298068e-02 
3.00490049e-01 1.40297103e-02 
3.00640367e-01 1.40296137e-02 
3.00790761e-01 1.40295171e-02 
3.00941230e-01 1.40294206e-02 
3.01091774e-01 1.40293240e-02 
3.01242394e-01 1.40292275e-02 
3.01393089e-01 1.40291310e-02 
3.01543859e-01 1.40290344e-02 
3.01694705e-01 1.40289379e-02 
3.01845626e-01 1.40288414e-02 
3.01996622e-01 1.40283106e-02 
3.02147695e-01 1.40277712e-02 
3.02298842e-01 1.40276748e-02 
3.02450066e-01 1.40275783e-02 
3.02601365e-01 1.40274819e-02 
3.02752739e-01 1.40273854e-02 
3.02904190e-01 1.40272890e-02 
3.03055716e-01 1.40271926e-02 
3.03207318e-01 1.40270962e-02 
3.03358996e-01 1.40269998e-02 
3.03510750e-01 1.40269035e-02 
3.03662579e-01 1.40268071e-02 
3.03814485e-01 1.40267107e-02 
3.03966466e-01 1.40263287e-02 
3.04118524e-01 1.40255208e-02 
3.04270657e-01 1.40254244e-02 
3.04422867e-01 1.40253281e-02 
3.04575153e-01 1.40252318e-02 
3.04727515e-01 1.40251355e-02 
3.04879953e-01 1.40250392e-02 
3.05032468e-01 1.40249430e-02 
3.05185059e-01 1.40248467e-02 
3.05337726e-01 1.40247505e-02 
3.05490470e-01 1.40246542e-02 
3.05643290e-01 1.40245580e-02 
3.05796186e-01 1.40244618e-02 
3.05949159e-01 1.40242849e-02 
3.06102208e-01 1.40238016e-02 
3.06255334e-01 1.40237054e-02 
3.06408537e-01 1.40236092e-02 
3.06561816e-01 1.40235130e-02 
3.06715172e-01 1.40234169e-02 
3.06868604e-01 1.40233207e-02 
3.07022114e-01 1.40232246e-02 
3.07175700e-01 1.40231285e-02 
3.07329363e-01 1.40230323e-02 
3.07483103e-01 1.40229362e-02 
3.07636920e-01 1.40228401e-02 
3.07790813e-01 1.40227440e-02 
3.07944784e-01 1.40226373e-02 
3.08098832e-01 1.40224749e-02 
3.08252956e-01 1.40223788e-02 
3.08407158e-01 1.40222828e-02 
3.08561437e-01 1.40221867e-02 
3.08715793e-01 1.40220907e-02 
3.08870227e-01 1.40219947e-02 
3.09024738e-01 1.40218987e-02 
3.09179325e-01 1.40218027e-02 
3.09333991e-01 1.40217067e-02 
3.09488733e-01 1.40216107e-02 
3.09643553e-01 1.40215147e-02 
3.09798451e-01 1.40214188e-02 
3.09953426e-01 1.40206535e-02 
3.10108479e-01 1.40181177e-02 
3.10263609e-01 1.40180217e-02 
3.10418816e-01 1.40179258e-02 
3.10574102e-01 1.40178299e-02 
3.10729465e-01 1.40177341e-02 
3.10884905e-01 1.40176382e-02 
3.11040424e-01 1.40175423e-02 
3.11196020e-01 1.40174464e-02 
3.11351694e-01 1.40173506e-02 
3.11507446e-01 1.40172548e-02 
3.11663276e-01 1.40171589e-02 
3.11819184e-01 1.40170631e-02 
3.11975170e-01 1.40167141e-02 
3.12131234e-01 1.40161046e-02 
3.12287376e-01 1.40160088e-02 
3.12443596e-01 1.40159130e-02 
3.12599894e-01 1.40158173e-02 
3.12756270e-01 1.40157215e-02 
3.12912725e-01 1.40156258e-02 
3.13069258e-01 1.40155300e-02 
3.13225869e-01 1.40154343e-02 
3.13382559e-01 1.40153386e-02 
3.13539327e-01 1.40152428e-02 
3.13696173e-01 1.40151471e-02 
3.13853098e-01 1.40150514e-02 
3.14010101e-01 1.40109493e-02 
3.14167183e-01 1.40076369e-02 
3.14324343e-01 1.40075413e-02 
3.14481582e-01 1.40074457e-02 
3.14638900e-01 1.40073501e-02 
3.14796297e-01 1.40072545e-02 
3.14953772e-01 1.40071589e-02 
3.15111326e-01 1.40070633e-02 
3.15268958e-01 1.40069678e-02 
3.15426670e-01 1.40068722e-02 
3.15584460e-01 1.40067767e-02 
3.15742330e-01 1.40066811e-02 
3.15900278e-01 1.40065856e-02 
3.16058306e-01 1.39997723e-02 
3.16216412e-01 1.39987411e-02 
3.16374598e-01 1.39986457e-02 
3.16532862e-01 1.39985502e-02 
3.16691206e-01 1.39984548e-02 
3.16849629e-01 1.39983594e-02 
3.17008131e-01 1.39982640e-02 
3.17166713e-01 1.39981686e-02 
3.17325374e-01 1.39980732e-02 
3.17484114e-01 1.39979778e-02 
3.17642934e-01 1.39978824e-02 
3.17801833e-01 1.39977871e-02 
3.17960812e-01 1.39984339e-02 
3.18119870e-01 1.40008116e-02 
3.18279008e-01 1.40007162e-02 
3.18438225e-01 1.40006208e-02 
3.18597522e-01 1.40005255e-02 
3.18756899e-01 1.40004302e-02 
3.18916355e-01 1.40003349e-02 
3.19075891e-01 1.40002395e-02 
3.19235507e-01 1.40001442e-02 
3.19395203e-01 1.40000489e-02 
3.19554979e-01 1.39999536e-02 
3.19714835e-01 1.39998584e-02 
3.19874770e-01 1.39997631e-02 
3.20034786e-01 1.39973743e-02 
3.20194881e-01 1.39964711e-02 
3.20355057e-01 1.39963758e-02 
3.20515313e-01 1.39962806e-02 
3.20675649e-01 1.39961854e-02 
3.20836065e-01 1.39960902e-02 
3.20996562e-01 1.39959950e-02 
3.21157139e-01 1.39958999e-02 
3.21317796e-01 1.39958047e-02 
3.21478533e-01 1.39957095e-02 
3.21639351e-01 1.39956144e-02 
3.21800249e-01 1.39955192e-02 
3.21961228e-01 1.39938948e-02 
3.22122288e-01 1.39884321e-02 
3.22283428e-01 1.39883370e-02 
3.22444648e-01 1.39882420e-02 
3.22605949e-01 1.39881469e-02 
3.22767331e-01 1.39880519e-02 
3.22928794e-01 1.39879568e-02 
3.23090337e-01 1.39878618e-02 
3.23251961e-01 1.39877668e-02 
3.23413666e-01 1.39876718e-02 
3.23575452e-01 1.39875768e-02 
3.23737319e-01 1.39874818e-02 
3.23899267e-01 1.39873868e-02 
3.24061296e-01 1.39832219e-02 
3.24223406e-01 1.39827154e-02 
3.24385597e-01 1.39826204e-02 
3.24547869e-01 1.39825255e-02 
3.24710222e-01 1.39824306e-02 
3.24872657e-01 1.39823357e-02 
3.25035173e-01 1.39822408e-02 
3.25197770e-01 1.39821459e-02 
3.25360448e-01 1.39820511e-02 
3.25523208e-01 1.39819562e-02 
3.25686049e-01 1.39818613e-02 
3.25848972e-01 1.39817665e-02 
3.26011976e-01 1.39768558e-02 
3.26175062e-01 1.39737117e-02 
3.26338229e-01 1.39736169e-02 
3.26501478e-01 1.39735222e-02 
3.26664809e-01 1.39734274e-02 
3.26828221e-01 1.39733327e-02 
3.26991715e-01 1.39732380e-02 
3.27155291e-01 1.39731432e-02 
3.27318948e-01 1.39730485e-02 
3.27482688e-01 1.39729538e-02 
3.27646509e-01 1.39728591e-02 
3.27810413e-01 1.39727644e-02 
3.27974398e-01 1.39671040e-02 
3.28138466e-01 1.39559587e-02 
3.28302615e-01 1.39558641e-02 
3.28466847e-01 1.39557696e-02 
3.28631160e-01 1.39556750e-02 
3.28795556e-01 1.39555805e-02 
3.28960035e-01 1.39554860e-02 
3.29124595e-01 1.39553914e-02 
3.29289238e-01 1.39552969e-02 
3.29453963e-01 1.39552024e-02 
3.29618771e-01 1.39551080e-02 
3.29783661e-01 1.39550135e-02 
3.29948633e-01 1.39570009e-02 
3.30113688e-01 1.39661621e-02 
3.30278826e-01 1.39660676e-02 
3.30444046e-01 1.39659731e-02 
3.30609349e-01 1.39658785e-02 
3.30774734e-01 1.39657840e-02 
3.30940202e-01 1.39656895e-02 
3.31105753e-01 1.39655950e-02 
3.31271387e-01 1.39655006e-02 
3.31437104e-01 1.39654061e-02 
3.31602904e-01 1.39653116e-02 
3.31768786e-01 1.39652172e-02 
3.31934752e-01 1.39644952e-02 
3.32100800e-01 1.39592236e-02 
3.32266932e-01 1.39591292e-02 
3.32433147e-01 1.39590348e-02 
3.32599445e-01 1.39589404e-02 
3.32765826e-01 1.39588460e-02 
3.32932290e-01 1.39587517e-02 
3.33098838e-01 1.39586573e-02 
3.33265468e-01 1.39585630e-02 
3.33432183e-01 1.39584686e-02 
3.33598980e-01 1.39583743e-02 
3.33765861e-01 1.39582800e-02 
3.33932826e-01 1.39586028e-02 
3.34099874e-01 1.39624666e-02 
3.34267006e-01 1.39623722e-02 
3.34434221e-01 1.39622779e-02 
3.34601520e-01 1.39621836e-02 
3.34768902e-01 1.39620893e-02 
3.34936369e-01 1.39619950e-02 
3.35103919e-01 1.39619007e-02 
3.35271553e-01 1.39618064e-02 
3.35439271e-01 1.39617122e-02 
3.35607072e-01 1.39616179e-02 
3.35774958e-01 1.39615237e-02 
3.35942927e-01 1.39626682e-02 
3.36110981e-01 1.39707309e-02 
3.36279119e-01 1.39706367e-02 
3.36447341e-01 1.39705424e-02 
3.36615647e-01 1.39704481e-02 
3.36784037e-01 1.39703538e-02 
3.36952511e-01 1.39702596e-02 
3.37121070e-01 1.39701653e-02 
3.37289713e-01 1.39700711e-02 
3.37458440e-01 1.39699768e-02 
3.37627252e-01 1.39698826e-02 
3.37796148e-01 1.39697884e-02 
3.37965129e-01 1.39672913e-02 
3.38134194e-01 1.39621439e-02 
3.38303344e-01 1.39620498e-02 
3.38472578e-01 1.39619557e-02 
3.38641897e-01 1.39618615e-02 
3.38811301e-01 1.39617674e-02 
3.38980790e-01 1.39616733e-02 
3.39150363e-01 1.39615792e-02 
3.39320021e-01 1.39614851e-02 
3.39489764e-01 1.39613910e-02 
3.39659592e-01 1.39612969e-02 
3.39829505e-01 1.39612028e-02 
3.39999503e-01 1.39572044e-02 
3.40169586e-01 1.39532437e-02 
3.40339754e-01 1.39531497e-02 
3.40510007e-01 1.39530557e-02 
3.40680345e-01 1.39529618e-02 
3.40850768e-01 1.39528678e-02 
3.41021277e-01 1.39527738e-02 
3.41191871e-01 1.39526799e-02 
3.41362551e-01 1.39525859e-02 
3.41533315e-01 1.39524920e-02 
3.41704166e-01 1.39523980e-02 
3.41875101e-01 1.39523041e-02 
3.42046122e-01 1.39492130e-02 
3.42217229e-01 1.39482504e-02 
3.42388421e-01 1.39481565e-02 
3.42559699e-01 1.39480626e-02 
3.42731063e-01 1.39479688e-02 
3.42902512e-01 1.39478749e-02 
3.43074047e-01 1.39477811e-02 
3.43245668e-01 1.39476872e-02 
3.43417375e-01 1.39475934e-02 
3.43589168e-01 1.39474996e-02 
3.43761046e-01 1.39474057e-02 
3.43933011e-01 1.39486719e-02 
3.44105062e-01 1.39588821e-02 
3.44277198e-01 1.39587882e-02 
3.44449421e-01 1.39586944e-02 
3.44621730e-01 1.39586005e-02 
3.44794125e-01 1.39585067e-02 
3.44966607e-01 1.39584128e-02 
3.45139174e-01 1.39583190e-02 
3.45311828e-01 1.39582252e-02 
3.45484569e-01 1.39581313e-02 
3.45657396e-01 1.39580375e-02 
3.45830309e-01 1.39579437e-02 
3.46003309e-01 1.39584546e-02 
3.46176395e-01 1.39589080e-02 
3.46349568e-01 1.39588142e-02 
3.46522827e-01 1.39587204e-02 
3.46696173e-01 1.39586266e-02 
3.46869606e-01 1.39585329e-02 
3.47043126e-01 1.39584391e-02 
3.47216732e-01 1.39583454e-02 
3.47390426e-01 1.39582516e-02 
3.47564206e-01 1.39581579e-02 
3.47738073e-01 1.39580641e-02 
3.47912027e-01 1.39579704e-02 
3.48086068e-01 1.39433948e-02 
3.48260196e-01 1.39432281e-02 
3.48434411e-01 1.39431344e-02 
3.48608714e-01 1.39430409e-02 
3.48783104e-01 1.39429473e-02 
3.48957580e-01 1.39428537e-02 
3.49132145e-01 1.39427601e-02 
3.49306796e-01 1.39426665e-02 
3.49481535e-01 1.39425730e-02 
3.49656361e-01 1.39424794e-02 
3.49831275e-01 1.39423859e-02 
3.50006276e-01 1.39308805e-02 
3.50181365e-01 1.39213191e-02 
3.50356541e-01 1.39212257e-02 
3.50531805e-01 1.39211323e-02 
3.50707157e-01 1.39210389e-02 
3.50882596e-01 1.39209456e-02 
3.51058123e-01 1.39208522e-02 
3.51233738e-01 1.39207589e-02 
3.51409441e-01 1.39206655e-02 
3.51585231e-01 1.39205722e-02 
3.51761110e-01 1.39204789e-02 
3.51937077e-01 1.39199129e-02 
3.52113131e-01 1.39167544e-02 
3.52289274e-01 1.39166611e-02 
3.52465505e-01 1.39165679e-02 
3.52641824e-01 1.39164746e-02 
3.52818231e-01 1.39163813e-02 
3.52994726e-01 1.39162881e-02 
3.53171310e-01 1.39161948e-02 
3.53347982e-01 1.39161016e-02 
3.53524742e-01 1.39160084e-02 
3.53701591e-01 1.39159152e-02 
3.53878529e-01 1.39158219e-02 
3.54055554e-01 1.38945280e-02 
3.54232669e-01 1.38902518e-02 
3.54409872e-01 1.38901588e-02 
3.54587163e-01 1.38900658e-02 
3.54764544e-01 1.38899727e-02 
3.54942013e-01 1.38898797e-02 
3.55119571e-01 1.38897867e-02 
3.55297217e-01 1.38896938e-02 
3.55474953e-01 1.38896008e-02 
3.55652777e-01 1.38895078e-02 
3.55830690e-01 1.38894148e-02 
3.56008693e-01 1.39118658e-02 
3.56186784e-01 1.39366363e-02 
3.56364965e-01 1.39365430e-02 
3.56543234e-01 1.39364498e-02 
3.56721593e-01 1.39363565e-02 
3.56900041e-01 1.39362633e-02 
3.57078579e-01 1.39361701e-02 
3.57257205e-01 1.39360768e-02 
3.57435921e-01 1.39359836e-02 
3.57614727e-01 1.39358904e-02 
3.57793621e-01 1.39357972e-02 
3.57972606e-01 1.39390608e-02 
3.58151680e-01 1.39452055e-02 
3.58330843e-01 1.39451123e-02 
3.58510096e-01 1.39450190e-02 
3.58689439e-01 1.39449258e-02 
3.58868871e-01 1.39448326e-02 
3.59048393e-01 1.39447393e-02 
3.59228005e-01 1.39446461e-02 
3.59407707e-01 1.39445529e-02 
3.59587499e-01 1.39444597e-02 
3.59767381e-01 1.39443665e-02 
3.59947352e-01 1.39390952e-02 
3.60127414e-01 1.39215092e-02 
3.60307566e-01 1.39214162e-02 
3.60487808e-01 1.39213232e-02 
3.60668140e-01 1.39212302e-02 
3.60848562e-01 1.39211372e-02 
3.61029075e-01 1.39210442e-02 
3.61209678e-01 1.39209512e-02 
3.61390371e-01 1.39208582e-02 
3.61571154e-01 1.39207653e-02 
3.61752028e-01 1.39206723e-02 
3.61932993e-01 1.39169118e-02 
3.62114048e-01 1.38926959e-02 
3.62295193e-01 1.38926032e-02 
3.62476430e-01 1.38925104e-02 
3.62657757e-01 1.38924177e-02 
3.62839174e-01 1.38923249e-02 
3.63020682e-01 1.38922322e-02 
3.63202282e-01 1.38921395e-02 
3.63383972e-01 1.38920468e-02 
3.63565752e-01 1.38847940e-02 
3.63747624e-01 1.38835563e-02 
3.63929587e-01 1.38834636e-02 
3.64111641e-01 1.38833710e-02 
3.64293786e-01 1.38832783e-02 
3.64476022e-01 1.38816008e-02 
3.64658349e-01 1.38791510e-02 
3.64840767e-01 1.38790585e-02 
3.65023277e-01 1.38789659e-02 
3.65205878e-01 1.38788733e-02 
3.65388570e-01 1.38787808e-02 
3.65571354e-01 1.38786882e-02 
3.65754229e-01 1.38785956e-02 
3.65937195e-01 1.38723129e-02 
3.66120253e-01 1.38395500e-02 
3.66303403e-01 1.38394577e-02 
3.66486644e-01 1.38393655e-02 
3.66669977e-01 1.38392732e-02 
3.66853402e-01 1.38391810e-02 
3.67036918e-01 1.38390887e-02 
3.67220527e-01 1.38389965e-02 
3.67404227e-01 1.38389042e-02 
3.67588019e-01 1.38388120e-02 
3.67771903e-01 1.38387198e-02 
3.67955878e-01 1.38466454e-02 
3.68139946e-01 1.38702630e-02 
3.68324106e-01 1.38701706e-02 
3.68508359e-01 1.38700782e-02 
3.68692703e-01 1.38699858e-02 
3.68877139e-01 1.38698934e-02 
3.69061668e-01 1.38698010e-02 
3.69246289e-01 1.38697087e-02 
3.69431003e-01 1.38696163e-02 
3.69615809e-01 1.38695239e-02 
3.69800707e-01 1.38694316e-02 
3.69985698e-01 1.38847359e-02 
3.70170781e-01 1.39046607e-02 
3.70355957e-01 1.39045682e-02 
3.70541226e-01 1.39044756e-02 
3.70726587e-01 1.39043830e-02 
3.70912041e-01 1.39042905e-02 
3.71097587e-01 1.39041979e-02 
3.71283227e-01 1.39041054e-02 
3.71468959e-01 1.39040129e-02 
3.71654785e-01 1.39039203e-02 
3.71840703e-01 1.39038278e-02 
3.72026714e-01 1.39264321e-02 
3.72212819e-01 1.39424584e-02 
3.72399016e-01 1.39423656e-02 
3.72585307e-01 1.39422729e-02 
3.72771691e-01 1.39421801e-02 
3.72958168e-01 1.39420874e-02 
3.73144738e-01 1.39419946e-02 
3.73331401e-01 1.39419019e-02 
3.73518158e-01 1.39418092e-02 
3.73705009e-01 1.39417165e-02 
3.73891953e-01 1.39416238e-02 
3.74078990e-01 1.39339882e-02 
3.74266121e-01 1.39333258e-02 
3.74453346e-01 1.39332332e-02 
3.74640664e-01 1.39331406e-02 
3.74828076e-01 1.39330479e-02 
3.75015582e-01 1.39329553e-02 
3.75203181e-01 1.39328627e-02 
3.75390875e-01 1.39327701e-02 
3.75578662e-01 1.39326775e-02 
3.75766543e-01 1.39325849e-02 
3.75954518e-01 1.39136174e-02 
3.76142587e-01 1.38672584e-02 
3.76330751e-01 1.38671662e-02 
3.76519008e-01 1.38670741e-02 
3.76707360e-01 1.38669820e-02 
3.76895806e-01 1.38668899e-02 
3.77084346e-01 1.38667978e-02 
3.77272980e-01 1.38667057e-02 
3.77461709e-01 1.38666136e-02 
3.77650532e-01 1.38665215e-02 
3.77839450e-01 1.38664294e-02 
3.78028462e-01 1.38600608e-02 
3.78217568e-01 1.38567431e-02 
3.78406770e-01 1.38566511e-02 
3.78596066e-01 1.38565591e-02 
3.78785456e-01 1.38564671e-02 
3.78974942e-01 1.38563751e-02 
3.79164522e-01 1.38562831e-02 
3.79354197e-01 1.38561912e-02 
3.79543967e-01 1.38560992e-02 
3.79733832e-01 1.38560072e-02 
3.79923791e-01 1.38574147e-02 
3.80113846e-01 1.38710254e-02 
3.80303996e-01 1.38709333e-02 
3.80494241e-01 1.38708413e-02 
3.80684581e-01 1.38707492e-02 
3.80875017e-01 1.38706572e-02 
3.81065547e-01 1.38705652e-02 
3.81256173e-01 1.38704732e-02 
3.81446895e-01 1.38703812e-02 
3.81637711e-01 1.38702892e-02 
3.81828624e-01 1.38701972e-02 
3.82019631e-01 1.38887985e-02 
3.82210734e-01 1.39079568e-02 
3.82401933e-01 1.39078646e-02 
3.82593228e-01 1.39077724e-02 
3.82784618e-01 1.39076802e-02 
3.82976104e-01 1.39075880e-02 
3.83167686e-01 1.39074958e-02 
3.83359363e-01 1.39074036e-02 
3.83551137e-01 1.39073114e-02 
3.83743006e-01 1.39072192e-02 
3.83934971e-01 1.39026942e-02 
3.84127033e-01 1.38851010e-02 
3.84319190e-01 1.38850089e-02 
3.84511444e-01 1.38849169e-02 
3.84703794e-01 1.38848249e-02 
3.84896240e-01 1.38847329e-02 
3.85088782e-01 1.38846409e-02 
3.85281420e-01 1.38845489e-02 
3.85474155e-01 1.38844569e-02 
3.85666987e-01 1.38843650e-02 
3.85859915e-01 1.38842730e-02 
3.86052939e-01 1.38881959e-02 
3.86246060e-01 1.38892847e-02 
3.86439277e-01 1.38891927e-02 
3.86632591e-01 1.38891008e-02 
3.86826002e-01 1.38890088e-02 
3.87019510e-01 1.38889168e-02 
3.87213114e-01 1.38888248e-02 
3.87406816e-01 1.38887329e-02 
3.87600614e-01 1.38886409e-02 
3.87794509e-01 1.38885490e-02 
3.87988501e-01 1.38893543e-02 
3.88182590e-01 1.38902896e-02 
3.88376776e-01 1.38901977e-02 
3.88571060e-01 1.38901057e-02 
3.88765440e-01 1.38900138e-02 
3.88959918e-01 1.38899219e-02 
3.89154493e-01 1.38898300e-02 
3.89349166e-01 1.38897380e-02 
3.89543935e-01 1.38896461e-02 
3.89738803e-01 1.38895542e-02 
3.89933767e-01 1.38858739e-02 
3.90128830e-01 1.38699093e-02 
3.90323989e-01 1.38698175e-02 
3.90519247e-01 1.38697258e-02 
3.90714602e-01 1.38696340e-02 
3.90910055e-01 1.38695423e-02 
3.91105606e-01 1.38694506e-02 
3.91301254e-01 1.38693588e-02 
3.91497000e-01 1.38692671e-02 
3.91692845e-01 1.38691754e-02 
3.91888787e-01 1.38690837e-02 
3.92084827e-01 1.38957236e-02 
3.92280965e-01 1.38993069e-02 
3.92477202e-01 1.38992150e-02 
3.92673536e-01 1.38991231e-02 
3.92869969e-01 1.38990312e-02 
3.93066500e-01 1.38989393e-02 
3.93263130e-01 1.38988475e-02 
3.93459857e-01 1.38987556e-02 
3.93656684e-01 1.38986638e-02 
3.93853608e-01 1.38985719e-02 
3.94050631e-01 1.38938040e-02 
3.94247753e-01 1.38928139e-02 
3.94444973e-01 1.38927221e-02 
3.94642292e-01 1.38926303e-02 
3.94839710e-01 1.38925386e-02 
3.95037226e-01 1.38924468e-02 
3.95234842e-01 1.38923550e-02 
3.95432556e-01 1.38922632e-02 
3.95630369e-01 1.38921715e-02 
3.95828281e-01 1.38920797e-02 
3.96026292e-01 1.38859445e-02 
3.96224402e-01 1.38807217e-02 
3.96422611e-01 1.38806301e-02 
3.96620919e-01 1.38805384e-02 
3.96819326e-01 1.38804468e-02 
3.97017833e-01 1.38803551e-02 
3.97216439e-01 1.38802635e-02 
3.97415144e-01 1.38801718e-02 
3.97613949e-01 1.38800802e-02 
3.97812853e-01 1.38799886e-02 
3.98011857e-01 1.38393074e-02 
3.98210960e-01 1.38230407e-02 
3.98410163e-01 1.38229494e-02 
3.98609466e-01 1.38228582e-02 
3.98808868e-01 1.38227670e-02 
3.99008370e-01 1.38226758e-02 
3.99207972e-01 1.38225846e-02 
3.99407673e-01 1.38224934e-02 
3.99607475e-01 1.38224022e-02 
3.99807376e-01 1.38223110e-02 
4.00007378e-01 1.37947457e-02 
4.00207479e-01 1.37725727e-02 
4.00407681e-01 1.37724819e-02 
4.00607983e-01 1.37723911e-02 
4.00808385e-01 1.37723002e-02 
4.01008887e-01 1.37722094e-02 
4.01209490e-01 1.37721186e-02 
4.01410192e-01 1.37720277e-02 
4.01610996e-01 1.37719369e-02 
4.01811899e-01 1.37718461e-02 
4.02012904e-01 1.38002789e-02 
4.02214008e-01 1.38223991e-02 
4.02415214e-01 1.38223080e-02 
4.02616520e-01 1.38222169e-02 
4.02817927e-01 1.38221257e-02 
4.03019434e-01 1.38220346e-02 
4.03221042e-01 1.38219435e-02 
4.03422751e-01 1.38218524e-02 
4.03624562e-01 1.38217613e-02 
4.03826473e-01 1.38216703e-02 
4.04028485e-01 1.38041829e-02 
4.04230598e-01 1.37940124e-02 
4.04432812e-01 1.37939216e-02 
4.04635127e-01 1.37938307e-02 
4.04837544e-01 1.37937398e-02 
4.05040061e-01 1.37936489e-02 
4.05242680e-01 1.37935580e-02 
4.05445401e-01 1.37934672e-02 
4.05648223e-01 1.37933763e-02 
4.05851146e-01 1.37932855e-02 
4.06054171e-01 1.38010863e-02 
4.06257297e-01 1.38034552e-02 
4.06460525e-01 1.38033643e-02 
4.06663855e-01 1.38032734e-02 
4.06867286e-01 1.38031825e-02 
4.07070820e-01 1.38030916e-02 
4.07274455e-01 1.38030007e-02 
4.07478191e-01 1.38029098e-02 
4.07682030e-01 1.38028189e-02 
4.07885971e-01 1.38027281e-02 
4.08090014e-01 1.37573995e-02 
4.08294158e-01 1.37547811e-02 
4.08498405e-01 1.37546905e-02 
4.08702755e-01 1.37546000e-02 
4.08907206e-01 1.37545095e-02 
4.09111759e-01 1.37544190e-02 
4.09316415e-01 1.37543285e-02 
4.09521174e-01 1.37542379e-02 
4.09726034e-01 1.37541474e-02 
4.09930998e-01 1.37639649e-02 
4.10136063e-01 1.38173479e-02 
4.10341232e-01 1.38172570e-02 
4.10546503e-01 1.38171661e-02 
4.10751876e-01 1.38170752e-02 
4.10957353e-01 1.38169843e-02 
4.11162932e-01 1.38168934e-02 
4.11368614e-01 1.38168025e-02 
4.11574399e-01 1.38167116e-02 
4.11780287e-01 1.38166208e-02 
4.11986278e-01 1.38096136e-02 
4.12192372e-01 1.38008081e-02 
4.12398569e-01 1.38007174e-02 
4.12604869e-01 1.38006266e-02 
4.12811272e-01 1.38005359e-02 
4.13017779e-01 1.38004451e-02 
4.13224389e-01 1.38003544e-02 
4.13431102e-01 1.38002637e-02 
4.13637919e-01 1.38001730e-02 
4.13844839e-01 1.38000823e-02 
4.14051862e-01 1.38060325e-02 
4.14258989e-01 1.38079265e-02 
4.14466220e-01 1.38078357e-02 
4.14673555e-01 1.38077450e-02 
4.14880993e-01 1.38076542e-02 
4.15088535e-01 1.38075635e-02 
4.15296181e-01 1.38074728e-02 
4.15503930e-01 1.38073821e-02 
4.15711784e-01 1.38072913e-02 
4.15919742e-01 1.38072415e-02 
4.16127803e-01 1.38074683e-02 
4.16335969e-01 1.38073776e-02 
4.16544239e-01 1.38072869e-02 
4.16752613e-01 1.38071962e-02 
4.16961091e-01 1.38071055e-02 
4.17169673e-01 1.38070148e-02 
4.17378360e-01 1.38069241e-02 
4.17587152e-01 1.38068334e-02 
4.17796047e-01 1.38067428e-02 
4.18005047e-01 1.37992438e-02 
4.18214152e-01 1.37921537e-02 
4.18423362e-01 1.37920631e-02 
4.18632676e-01 1.37919726e-02 
4.18842094e-01 1.37918820e-02 
4.19051618e-01 1.37917915e-02 
4.19261246e-01 1.37917009e-02 
4.19470979e-01 1.37916104e-02 
4.19680817e-01 1.37915199e-02 
4.19890760e-01 1.37914293e-02 
4.20100808e-01 1.38336891e-02 
4.20310962e-01 1.38344569e-02 
4.20521220e-01 1.38343662e-02 
4.20731583e-01 1.38342754e-02 
4.20942052e-01 1.38341846e-02 
4.21152626e-01 1.38340938e-02 
4.21363305e-01 1.38340030e-02 
4.21574090e-01 1.38339123e-02 
4.21784980e-01 1.38338215e-02 
4.21995976e-01 1.38645508e-02 
4.22207077e-01 1.38993777e-02 
4.22418284e-01 1.38992865e-02 
4.22629596e-01 1.38991954e-02 
4.22841014e-01 1.38991042e-02 
4.23052538e-01 1.38990130e-02 
4.23264168e-01 1.38989219e-02 
4.23475904e-01 1.38988307e-02 
4.23687745e-01 1.38987396e-02 
4.23899693e-01 1.38964283e-02 
4.24111746e-01 1.38191358e-02 
4.24323906e-01 1.38190452e-02 
4.24536172e-01 1.38189546e-02 
4.24748544e-01 1.38188640e-02 
4.24961022e-01 1.38187734e-02 
4.25173606e-01 1.38186828e-02 
4.25386297e-01 1.38185922e-02 
4.25599094e-01 1.38185016e-02 
4.25811998e-01 1.38184110e-02 
4.26025008e-01 1.38070911e-02 
4.26238125e-01 1.37995880e-02 
4.26451348e-01 1.37994975e-02 
4.26664678e-01 1.37994071e-02 
4.26878115e-01 1.37993167e-02 
4.27091658e-01 1.37992263e-02 
4.27305308e-01 1.37991358e-02 
4.27519066e-01 1.37990454e-02 
4.27732930e-01 1.37989550e-02 
4.27946901e-01 1.37960175e-02 
4.28160979e-01 1.37867022e-02 
4.28375164e-01 1.37866119e-02 
4.28589456e-01 1.37865216e-02 
4.28803856e-01 1.37864313e-02 
4.29018363e-01 1.37863410e-02 
4.29232977e-01 1.37862507e-02 
4.29447698e-01 1.37861604e-02 
4.29662527e-01 1.37860701e-02 
4.29877464e-01 1.37859798e-02 
4.30092507e-01 1.37252000e-02 
4.30307659e-01 1.37197170e-02 
4.30522918e-01 1.37196272e-02 
4.30738285e-01 1.37195374e-02 
4.30953759e-01 1.37194476e-02 
4.31169341e-01 1.37193577e-02 
4.31385032e-01 1.37192679e-02 
4.31600830e-01 1.37191781e-02 
4.31816736e-01 1.37190883e-02 
4.32032750e-01 1.37134616e-02 
4.32248872e-01 1.37112449e-02 
4.32465102e-01 1.37111551e-02 
4.32681440e-01 1.37110654e-02 
4.32897887e-01 1.37109757e-02 
4.33114441e-01 1.37108859e-02 
4.33331105e-01 1.37107962e-02 
4.33547876e-01 1.37107065e-02 
4.33764756e-01 1.37106168e-02 
4.33981745e-01 1.36988564e-02 
4.34198842e-01 1.36814454e-02 
4.34416047e-01 1.36813559e-02 
4.34633362e-01 1.36812664e-02 
4.34850784e-01 1.36811769e-02 
4.35068316e-01 1.36810874e-02 
4.35285957e-01 1.36809979e-02 
4.35503706e-01 1.36809084e-02 
4.35721565e-01 1.36808189e-02 
4.35939532e-01 1.36842194e-02 
4.36157608e-01 1.36948854e-02 
4.36375794e-01 1.36947958e-02 
4.36594088e-01 1.36947063e-02 
4.36812492e-01 1.36946167e-02 
4.37031005e-01 1.36945272e-02 
4.37249628e-01 1.36944376e-02 
4.37468360e-01 1.36943481e-02 
4.37687201e-01 1.36942586e-02 
4.37906151e-01 1.36956634e-02 
4.38125212e-01 1.37167545e-02 
4.38344381e-01 1.37166648e-02 
4.38563661e-01 1.37165751e-02 
4.38783050e-01 1.37164855e-02 
4.39002549e-01 1.37163958e-02 
4.39222157e-01 1.37163062e-02 
4.39441876e-01 1.37162166e-02 
4.39661704e-01 1.37161269e-02 
4.39881643e-01 1.37160373e-02 
4.40101691e-01 1.37206539e-02 
4.40321849e-01 1.37207378e-02 
4.40542118e-01 1.37206481e-02 
4.40762497e-01 1.37205585e-02 
4.40982986e-01 1.37204689e-02 
4.41203585e-01 1.37203792e-02 
4.41424295e-01 1.37202896e-02 
4.41645115e-01 1.37202000e-02 
4.41866046e-01 1.37201103e-02 
4.42087087e-01 1.37302481e-02 
4.42308238e-01 1.37313189e-02 
4.42529501e-01 1.37312292e-02 
4.42750874e-01 1.37311396e-02 
4.42972357e-01 1.37310499e-02 
4.43193952e-01 1.37309602e-02 
4.43415657e-01 1.37308706e-02 
4.43637474e-01 1.37307809e-02 
4.43859401e-01 1.37306913e-02 
4.44081439e-01 1.37175561e-02 
4.44303588e-01 1.37154535e-02 
4.44525849e-01 1.37153639e-02 
4.44748221e-01 1.37152744e-02 
4.44970703e-01 1.37151849e-02 
4.45193298e-01 1.37150953e-02 
4.45416003e-01 1.37150058e-02 
4.45638820e-01 1.37149163e-02 
4.45861748e-01 1.37148268e-02 
4.46084788e-01 1.36992507e-02 
4.46307940e-01 1.36971571e-02 
4.46531203e-01 1.36970677e-02 
4.46754578e-01 1.36969784e-02 
4.46978064e-01 1.36968890e-02 
4.47201663e-01 1.36967996e-02 
4.47425373e-01 1.36967102e-02 
4.47649195e-01 1.36966209e-02 
4.47873129e-01 1.36965315e-02 
4.48097175e-01 1.36848268e-02 
4.48321333e-01 1.36839176e-02 
4.48545604e-01 1.36838284e-02 
4.48769986e-01 1.36837391e-02 
4.48994481e-01 1.36836499e-02 
4.49219088e-01 1.36835606e-02 
4.49443808e-01 1.36834714e-02 
4.49668639e-01 1.36833821e-02 
4.49893584e-01 1.36828150e-02 
4.50118640e-01 1.36671649e-02 
4.50343810e-01 1.36670758e-02 
4.50569092e-01 1.36669867e-02 
4.50794487e-01 1.36668976e-02 
4.51019994e-01 1.36668085e-02 
4.51245614e-01 1.36667194e-02 
4.51471348e-01 1.36666303e-02 
4.51697194e-01 1.36665412e-02 
4.51923153e-01 1.36717649e-02 
4.52149225e-01 1.37024925e-02 
4.52375410e-01 1.37024032e-02 
4.52601708e-01 1.37023139e-02 
4.52828120e-01 1.37022246e-02 
4.53054645e-01 1.37021353e-02 
4.53281283e-01 1.37020460e-02 
4.53508034e-01 1.37019567e-02 
4.53734899e-01 1.37018674e-02 
4.53961878e-01 1.36928837e-02 
4.54188970e-01 1.36754302e-02 
4.54416175e-01 1.36753411e-02 
4.54643495e-01 1.36752520e-02 
4.54870928e-01 1.36751629e-02 
4.55098474e-01 1.36750738e-02 
4.55326135e-01 1.36749847e-02 
4.55553909e-01 1.36748956e-02 
4.55781798e-01 1.36748065e-02 
4.56009800e-01 1.36658255e-02 
4.56237916e-01 1.36587050e-02 
4.56466147e-01 1.36586161e-02 
4.56694492e-01 1.36585271e-02 
4.56922951e-01 1.36584382e-02 
4.57151524e-01 1.36583492e-02 
4.57380211e-01 1.36582603e-02 
4.57609013e-01 1.36581713e-02 
4.57837930e-01 1.36580824e-02 
4.58066961e-01 1.36712104e-02 
4.58296106e-01 1.36747999e-02 
4.58525366e-01 1.36747109e-02 
4.58754741e-01 1.36746219e-02 
4.58984231e-01 1.36745328e-02 
4.59213835e-01 1.36744438e-02 
4.59443554e-01 1.36743548e-02 
4.59673389e-01 1.36742658e-02 
4.59903338e-01 1.36732675e-02 
4.60133402e-01 1.36629710e-02 
4.60363581e-01 1.36628821e-02 
4.60593875e-01 1.36627932e-02 
4.60824285e-01 1.36627043e-02 
4.61054810e-01 1.36626153e-02 
4.61285450e-01 1.36625264e-02 
4.61516206e-01 1.36624375e-02 
4.61747077e-01 1.36623486e-02 
4.61978063e-01 1.36647576e-02 
4.62209165e-01 1.36684111e-02 
4.62440383e-01 1.36683222e-02 
4.62671716e-01 1.36682332e-02 
4.62903165e-01 1.36681443e-02 
4.63134730e-01 1.36680554e-02 
4.63366410e-01 1.36679665e-02 
4.63598207e-01 1.36678776e-02 
4.63830119e-01 1.36677887e-02 
4.64062148e-01 1.36805408e-02 
4.64294293e-01 1.36842918e-02 
4.64526553e-01 1.36842028e-02 
4.64758930e-01 1.36841138e-02 
4.64991423e-01 1.36840248e-02 
4.65224033e-01 1.36839358e-02 
4.65456759e-01 1.36838468e-02 
4.65689601e-01 1.36837579e-02 
4.65922559e-01 1.36801910e-02 
4.66155635e-01 1.36632940e-02 
4.66388827e-01 1.36632052e-02 
4.66622135e-01 1.36631164e-02 
4.66855560e-01 1.36630275e-02 
4.67089102e-01 1.36629387e-02 
4.67322761e-01 1.36628499e-02 
4.67556537e-01 1.36627611e-02 
4.67790429e-01 1.36626723e-02 
4.68024439e-01 1.36654352e-02 
4.68258566e-01 1.36672578e-02 
4.68492809e-01 1.36671690e-02 
4.68727170e-01 1.36670802e-02 
4.68961649e-01 1.36669913e-02 
4.69196244e-01 1.36669025e-02 
4.69430957e-01 1.36668137e-02 
4.69665787e-01 1.36667249e-02 
4.69900735e-01 1.36665072e-02 
4.70135800e-01 1.36648266e-02 
4.70370983e-01 1.36647378e-02 
4.70606284e-01 1.36646490e-02 
4.70841702e-01 1.36645602e-02 
4.71077238e-01 1.36644715e-02 
4.71312892e-01 1.36643827e-02 
4.71548664e-01 1.36642939e-02 
4.71784553e-01 1.36642052e-02 
4.72020561e-01 1.36771881e-02 
4.72256687e-01 1.36858437e-02 
4.72492930e-01 1.36857548e-02 
4.72729293e-01 1.36856659e-02 
4.72965773e-01 1.36855770e-02 
4.73202371e-01 1.36854881e-02 
4.73439088e-01 1.36853993e-02 
4.73675924e-01 1.36853104e-02 
4.73912877e-01 1.36851921e-02 
4.74149950e-01 1.36849137e-02 
4.74387141e-01 1.36848248e-02 
4.74624450e-01 1.36847360e-02 
4.74861879e-01 1.36846471e-02 
4.75099426e-01 1.36845583e-02 
4.75337092e-01 1.36844695e-02 
4.75574876e-01 1.36843806e-02 
4.75812780e-01 1.36842918e-02 
4.76050803e-01 1.37384486e-02 
4.76288945e-01 1.37602605e-02 
4.76527206e-01 1.37601712e-02 
4.76765586e-01 1.37600819e-02 
4.77004085e-01 1.37599926e-02 
4.77242704e-01 1.37599033e-02 
4.77481442e-01 1.37598140e-02 
4.77720300e-01 1.37597247e-02 
4.77959277e-01 1.37504022e-02 
4.78198373e-01 1.37314921e-02 
4.78437589e-01 1.37314030e-02 
4.78676925e-01 1.37313139e-02 
4.78916381e-01 1.37312248e-02 
4.79155956e-01 1.37311357e-02 
4.79395651e-01 1.37310466e-02 
4.79635466e-01 1.37309576e-02 
4.79875401e-01 1.37308685e-02 
4.80115456e-01 1.37023073e-02 
4.80355631e-01 1.37016598e-02 
4.80595927e-01 1.37015709e-02 
4.80836342e-01 1.37014821e-02 
4.81076878e-01 1.37013932e-02 
4.81317534e-01 1.37013043e-02 
4.81558311e-01 1.37012155e-02 
4.81799208e-01 1.37011266e-02 
4.82040225e-01 1.36943954e-02 
4.82281363e-01 1.36910468e-02 
4.82522622e-01 1.36909580e-02 
4.82764001e-01 1.36908692e-02 
4.83005501e-01 1.36907804e-02 
4.83247122e-01 1.36906917e-02 
4.83488864e-01 1.36906029e-02 
4.83730726e-01 1.36905141e-02 
4.83972710e-01 1.36739142e-02 
4.84214815e-01 1.36456670e-02 
4.84457041e-01 1.36455786e-02 
4.84699388e-01 1.36454901e-02 
4.84941856e-01 1.36454017e-02 
4.85184445e-01 1.36453132e-02 
4.85427156e-01 1.36452248e-02 
4.85669989e-01 1.36451363e-02 
4.85912942e-01 1.36395671e-02 
4.86156018e-01 1.36020593e-02 
4.86399215e-01 1.36019712e-02 
4.86642533e-01 1.36018831e-02 
4.86885973e-01 1.36017949e-02 
4.87129535e-01 1.36017068e-02 
4.87373219e-01 1.36016186e-02 
4.87617025e-01 1.36015305e-02 
4.87860953e-01 1.36014424e-02 
4.88105003e-01 1.36227569e-02 
4.88349175e-01 1.36240532e-02 
4.88593469e-01 1.36239649e-02 
4.88837885e-01 1.36238767e-02 
4.89082423e-01 1.36237884e-02 
4.89327084e-01 1.36237002e-02 
4.89571867e-01 1.36236119e-02 
4.89816773e-01 1.36235237e-02 
4.90061801e-01 1.36157629e-02 
4.90306952e-01 1.36131474e-02 
4.90552225e-01 1.36130593e-02 
4.90797622e-01 1.36129711e-02 
4.91043140e-01 1.36128830e-02 
4.91288782e-01 1.36127948e-02 
4.91534547e-01 1.36127067e-02 
4.91780434e-01 1.36126185e-02 
4.92026445e-01 1.36149781e-02 
4.92272578e-01 1.36165012e-02 
4.92518835e-01 1.36164130e-02 
4.92765215e-01 1.36163249e-02 
4.93011718e-01 1.36162367e-02 
4.93258344e-01 1.36161486e-02 
4.93505094e-01 1.36160604e-02 
4.93751967e-01 1.36159723e-02 
4.93998964e-01 1.36297768e-02 
4.94246084e-01 1.36432658e-02 
4.94493328e-01 1.36431775e-02 
4.94740696e-01 1.36430892e-02 
4.94988187e-01 1.36430009e-02 
4.95235802e-01 1.36429126e-02 
4.95483541e-01 1.36428243e-02 
4.95731404e-01 1.36427360e-02 
4.95979391e-01 1.36761190e-02 
4.96227502e-01 1.37228988e-02 
4.96475738e-01 1.37228100e-02 
4.96724097e-01 1.37227212e-02 
4.96972580e-01 1.37226325e-02 
4.97221188e-01 1.37225437e-02 
4.97469920e-01 1.37224549e-02 
4.97718777e-01 1.37223661e-02 
4.97967758e-01 1.37158929e-02 
4.98216864e-01 1.37041903e-02 
4.98466094e-01 1.37041017e-02 
4.98715449e-01 1.37040130e-02 
4.98964929e-01 1.37039244e-02 
4.99214533e-01 1.37038358e-02 
4.99464263e-01 1.37037471e-02 
4.99714117e-01 1.37036585e-02 
4.99964096e-01 1.37163029e-02 
5.00214201e-01 1.37402793e-02 
5.00464430e-01 1.37401904e-02 
5.00714785e-01 1.37401016e-02 
5.00965264e-01 1.37400127e-02 
5.01215870e-01 1.37399239e-02 
5.01466600e-01 1.37398350e-02 
5.01717456e-01 1.37397462e-02 
5.01968438e-01 1.37313116e-02 
5.02219544e-01 1.37180620e-02 
5.02470777e-01 1.37179733e-02 
5.02722135e-01 1.37178846e-02 
5.02973619e-01 1.37177960e-02 
5.03225229e-01 1.37177073e-02 
5.03476965e-01 1.37176186e-02 
5.03728827e-01 1.37175299e-02 
5.03980814e-01 1.37206216e-02 
5.04232928e-01 1.37248487e-02 
5.04485168e-01 1.37247600e-02 
5.04737534e-01 1.37246712e-02 
5.04990026e-01 1.37245825e-02 
5.05242644e-01 1.37244938e-02 
5.05495389e-01 1.37244052e-02 
5.05748261e-01 1.37243165e-02 
5.06001258e-01 1.37269555e-02 
5.06254383e-01 1.37294404e-02 
5.06507634e-01 1.37293516e-02 
5.06761011e-01 1.37292629e-02 
5.07014516e-01 1.37291742e-02 
5.07268147e-01 1.37290855e-02 
5.07521905e-01 1.37289968e-02 
5.07775790e-01 1.37289081e-02 
5.08029802e-01 1.37256500e-02 
5.08283942e-01 1.37235166e-02 
5.08538208e-01 1.37234279e-02 
5.08792601e-01 1.37233393e-02 
5.09047122e-01 1.37232506e-02 
5.09301770e-01 1.37231620e-02 
5.09556546e-01 1.37230734e-02 
5.09811449e-01 1.37229847e-02 
5.10066479e-01 1.37154779e-02 
5.10321637e-01 1.37130960e-02 
5.10576923e-01 1.37130075e-02 
5.10832336e-01 1.37129189e-02 
5.11087877e-01 1.37128304e-02 
5.11343546e-01 1.37127418e-02 
5.11599343e-01 1.37126533e-02 
5.11855268e-01 1.37125647e-02 
5.12111320e-01 1.37131274e-02 
5.12367501e-01 1.37130855e-02 
5.12623810e-01 1.37129969e-02 
5.12880248e-01 1.37129084e-02 
5.13136813e-01 1.37128199e-02 
5.13393507e-01 1.37127313e-02 
5.13650330e-01 1.37126428e-02 
5.13907280e-01 1.37133004e-02 
5.14164360e-01 1.37179795e-02 
5.14421568e-01 1.37178910e-02 
5.14678904e-01 1.37178025e-02 
5.14936369e-01 1.37177139e-02 
5.15193964e-01 1.37176254e-02 
5.15451687e-01 1.37175369e-02 
5.15709539e-01 1.37174483e-02 
5.15967519e-01 1.37186449e-02 
5.16225629e-01 1.37209026e-02 
5.16483868e-01 1.37208141e-02 
5.16742237e-01 1.37207256e-02 
5.17000734e-01 1.37206370e-02 
5.17259361e-01 1.37205485e-02 
5.17518117e-01 1.37204600e-02 
5.17777003e-01 1.37203714e-02 
5.18036018e-01 1.37221940e-02 
5.18295163e-01 1.37231767e-02 
5.18554437e-01 1.37230881e-02 
5.18813841e-01 1.37229996e-02 
5.19073375e-01 1.37229111e-02 
5.19333039e-01 1.37228226e-02 
5.19592832e-01 1.37227340e-02 
5.19852756e-01 1.37226455e-02 
5.20112809e-01 1.36954279e-02 
5.20372993e-01 1.36935783e-02 
5.20633306e-01 1.36934900e-02 
5.20893750e-01 1.36934017e-02 
5.21154325e-01 1.36933134e-02 
5.21415029e-01 1.36932251e-02 
5.21675864e-01 1.36931368e-02 
5.21936830e-01 1.36589156e-02 
5.22197926e-01 1.35628680e-02 
5.22459153e-01 1.35627806e-02 
5.22720510e-01 1.35626931e-02 
5.22981998e-01 1.35626057e-02 
5.23243617e-01 1.35625182e-02 
5.23505367e-01 1.35624308e-02 
5.23767248e-01 1.35623433e-02 
5.24029259e-01 1.35637201e-02 
5.24291402e-01 1.35645385e-02 
5.24553676e-01 1.35644511e-02 
5.24816081e-01 1.35643637e-02 
5.25078618e-01 1.35642762e-02 
5.25341285e-01 1.35641888e-02 
5.25604084e-01 1.35641014e-02 
5.25867015e-01 1.35640139e-02 
5.26130077e-01 1.35644382e-02 
5.26393271e-01 1.35643540e-02 
5.26656596e-01 1.35642666e-02 
5.26920053e-01 1.35641792e-02 
5.27183642e-01 1.35640918e-02 
5.27447363e-01 1.35640044e-02 
5.27711216e-01 1.35639169e-02 
5.27975200e-01 1.35437449e-02 
5.28239317e-01 1.35174538e-02 
5.28503566e-01 1.35173667e-02 
5.28767947e-01 1.35172796e-02 
5.29032460e-01 1.35171925e-02 
5.29297106e-01 1.35171054e-02 
5.29561884e-01 1.35170183e-02 
5.29826794e-01 1.35169312e-02 
5.30091837e-01 1.34888073e-02 
5.30357013e-01 1.34837989e-02 
5.30622321e-01 1.34837120e-02 
5.30887762e-01 1.34836252e-02 
5.31153336e-01 1.34835383e-02 
5.31419042e-01 1.34834515e-02 
5.31684882e-01 1.34833646e-02 
5.31950854e-01 1.34888454e-02 
5.32216960e-01 1.35021224e-02 
5.32483199e-01 1.35020354e-02 
5.32749570e-01 1.35019485e-02 
5.33016075e-01 1.35018615e-02 
5.33282714e-01 1.35017746e-02 
5.33549486e-01 1.35016876e-02 
5.33816391e-01 1.35016007e-02 
5.34083430e-01 1.34943772e-02 
5.34350602e-01 1.34927561e-02 
5.34617908e-01 1.34926692e-02 
5.34885348e-01 1.34925823e-02 
5.35152921e-01 1.34924954e-02 
5.35420629e-01 1.34924086e-02 
5.35688470e-01 1.34923217e-02 
5.35956445e-01 1.34957169e-02 
5.36224554e-01 1.35024659e-02 
5.36492798e-01 1.35023789e-02 
5.36761175e-01 1.35022920e-02 
5.37029687e-01 1.35022051e-02 
5.37298333e-01 1.35021182e-02 
5.37567114e-01 1.35020313e-02 
5.37836029e-01 1.35019444e-02 
5.38105079e-01 1.34973152e-02 
5.38374263e-01 1.34966632e-02 
5.38643582e-01 1.34965763e-02 
5.38913035e-01 1.34964895e-02 
5.39182623e-01 1.34964026e-02 
5.39452347e-01 1.34963158e-02 
5.39722205e-01 1.34962289e-02 
5.39992198e-01 1.34894299e-02 
5.40262326e-01 1.34815414e-02 
5.40532589e-01 1.34814547e-02 
5.40802988e-01 1.34813679e-02 
5.41073522e-01 1.34812812e-02 
5.41344191e-01 1.34811945e-02 
5.41614995e-01 1.34811077e-02 
5.41885935e-01 1.34820217e-02 
5.42157011e-01 1.34932458e-02 
5.42428222e-01 1.34931590e-02 
5.42699569e-01 1.34930722e-02 
5.42971051e-01 1.34929854e-02 
5.43242669e-01 1.34928986e-02 
5.43514424e-01 1.34928118e-02 
5.43786314e-01 1.34927250e-02 
5.44058340e-01 1.35275870e-02 
5.44330502e-01 1.35411374e-02 
5.44602800e-01 1.35410503e-02 
5.44875235e-01 1.35409632e-02 
5.45147806e-01 1.35408761e-02 
5.45420513e-01 1.35407891e-02 
5.45693357e-01 1.35407020e-02 
5.45966337e-01 1.35433647e-02 
5.46239454e-01 1.35479365e-02 
5.46512707e-01 1.35478494e-02 
5.46786097e-01 1.35477623e-02 
5.47059624e-01 1.35476752e-02 
5.47333287e-01 1.35475881e-02 
5.47607088e-01 1.35475010e-02 
5.47881025e-01 1.35453674e-02 
5.48155100e-01 1.35160628e-02 
5.48429312e-01 1.35159759e-02 
5.48703660e-01 1.35158890e-02 
5.48978146e-01 1.35158021e-02 
5.49252770e-01 1.35157153e-02 
5.49527530e-01 1.35156284e-02 
5.49802429e-01 1.35155415e-02 
5.50077464e-01 1.35394928e-02 
5.50352638e-01 1.35461255e-02 
5.50627948e-01 1.35460385e-02 
5.50903397e-01 1.35459514e-02 
5.51178984e-01 1.35458644e-02 
5.51454708e-01 1.35457773e-02 
5.51730570e-01 1.35456903e-02 
5.52006570e-01 1.35175948e-02 
5.52282709e-01 1.34923435e-02 
5.52558985e-01 1.34922568e-02 
5.52835400e-01 1.34921701e-02 
5.53111953e-01 1.34920834e-02 
5.53388644e-01 1.34919967e-02 
5.53665474e-01 1.34919100e-02 
5.53942442e-01 1.34865037e-02 
5.54219548e-01 1.34736899e-02 
5.54496794e-01 1.34736033e-02 
5.54774178e-01 1.34735168e-02 
5.55051700e-01 1.34734302e-02 
5.55329362e-01 1.34733437e-02 
5.55607163e-01 1.34732571e-02 
5.55885102e-01 1.34724906e-02 
5.56163181e-01 1.34650569e-02 
5.56441398e-01 1.34649704e-02 
5.56719755e-01 1.34648839e-02 
5.56998251e-01 1.34647974e-02 
5.57276886e-01 1.34647109e-02 
5.57555661e-01 1.34646245e-02 
5.57834575e-01 1.34645380e-02 
5.58113629e-01 1.34929578e-02 
5.58392822e-01 1.34958538e-02 
5.58672155e-01 1.34957671e-02 
5.58951628e-01 1.34956804e-02 
5.59231241e-01 1.34955938e-02 
5.59510993e-01 1.34955071e-02 
5.59790885e-01 1.34954205e-02 
5.60070918e-01 1.35345214e-02 
5.60351090e-01 1.35469424e-02 
5.60631403e-01 1.35468554e-02 
5.60911856e-01 1.35467685e-02 
5.61192449e-01 1.35466815e-02 
5.61473182e-01 1.35465945e-02 
5.61754056e-01 1.35465076e-02 
5.62035070e-01 1.35316412e-02 
5.62316225e-01 1.35227040e-02 
5.62597521e-01 1.35226172e-02 
5.62878957e-01 1.35225304e-02 
5.63160535e-01 1.35224436e-02 
5.63442253e-01 1.35223568e-02 
5.63724112e-01 1.35222700e-02 
5.64006111e-01 1.35047165e-02 
5.64288252e-01 1.34885710e-02 
5.64570535e-01 1.34884845e-02 
5.64852958e-01 1.34883979e-02 
5.65135523e-01 1.34883113e-02 
5.65418229e-01 1.34882248e-02 
5.65701076e-01 1.34881382e-02 
5.65984065e-01 1.34882646e-02 
5.66267195e-01 1.34884516e-02 
5.66550467e-01 1.34883651e-02 
5.66833881e-01 1.34882785e-02 
5.67117437e-01 1.34881920e-02 
5.67401134e-01 1.34881054e-02 
5.67684974e-01 1.34880189e-02 
5.67968955e-01 1.34759207e-02 
5.68253078e-01 1.34574328e-02 
5.68537344e-01 1.34573464e-02 
5.68821752e-01 1.34572601e-02 
5.69106302e-01 1.34571738e-02 
5.69390994e-01 1.34570875e-02 
5.69675829e-01 1.34570011e-02 
5.69960806e-01 1.34583698e-02 
5.70245926e-01 1.34608888e-02 
5.70531188e-01 1.34608025e-02 
5.70816593e-01 1.34607162e-02 
5.71102141e-01 1.34606298e-02 
5.71387832e-01 1.34605435e-02 
5.71673666e-01 1.34604572e-02 
5.71959642e-01 1.34490116e-02 
5.72245762e-01 1.34297945e-02 
5.72532025e-01 1.34297084e-02 
5.72818431e-01 1.34296223e-02 
5.73104980e-01 1.34295361e-02 
5.73391673e-01 1.34294500e-02 
5.73678509e-01 1.34293639e-02 
5.73965488e-01 1.34168536e-02 
5.74252612e-01 1.33958143e-02 
5.74539878e-01 1.33957284e-02 
5.74827289e-01 1.33956425e-02 
5.75114843e-01 1.33955566e-02 
5.75402541e-01 1.33954707e-02 
5.75690383e-01 1.33953849e-02 
5.75978369e-01 1.34074128e-02 
5.76266499e-01 1.34235975e-02 
5.76554773e-01 1.34235115e-02 
5.76843192e-01 1.34234254e-02 
5.77131754e-01 1.34233394e-02 
5.77420461e-01 1.34232534e-02 
5.77709313e-01 1.34231673e-02 
5.77998309e-01 1.34156312e-02 
5.78287449e-01 1.34077065e-02 
5.78576735e-01 1.34076206e-02 
5.78866164e-01 1.34075346e-02 
5.79155739e-01 1.34074487e-02 
5.79445459e-01 1.34073628e-02 
5.79735323e-01 1.34072769e-02 
5.80025333e-01 1.34021283e-02 
5.80315487e-01 1.33985629e-02 
5.80605787e-01 1.33984771e-02 
5.80896232e-01 1.33983912e-02 
5.81186822e-01 1.33983054e-02 
5.81477557e-01 1.33982195e-02 
5.81768438e-01 1.33981337e-02 
5.82059465e-01 1.33916812e-02 
5.82350637e-01 1.33889556e-02 
5.82641955e-01 1.33888698e-02 
5.82933418e-01 1.33887841e-02 
5.83225027e-01 1.33886983e-02 
5.83516783e-01 1.33886125e-02 
5.83808684e-01 1.33885268e-02 
5.84100731e-01 1.34109632e-02 
5.84392924e-01 1.34151142e-02 
5.84685263e-01 1.34150283e-02 
5.84977749e-01 1.34149424e-02 
5.85270381e-01 1.34148564e-02 
5.85563159e-01 1.34147705e-02 
5.85856084e-01 1.34151478e-02 
5.86149156e-01 1.34659154e-02 
5.86442373e-01 1.34658292e-02 
5.86735738e-01 1.34657429e-02 
5.87029249e-01 1.34656567e-02 
5.87322908e-01 1.34655705e-02 
5.87616713e-01 1.34654843e-02 
5.87910665e-01 1.34995198e-02 
5.88204764e-01 1.36513205e-02 
5.88499010e-01 1.36512331e-02 
5.88793404e-01 1.36511457e-02 
5.89087944e-01 1.36510583e-02 
5.89382632e-01 1.36509709e-02 
5.89677468e-01 1.36508835e-02 
5.89972451e-01 1.36002849e-02 
5.90267581e-01 1.35312648e-02 
5.90562860e-01 1.35311782e-02 
5.90858285e-01 1.35310915e-02 
5.91153859e-01 1.35310049e-02 
5.91449581e-01 1.35309183e-02 
5.91745450e-01 1.35308317e-02 
5.92041467e-01 1.34968641e-02 
5.92337633e-01 1.34777244e-02 
5.92633947e-01 1.34776381e-02 
5.92930409e-01 1.34775519e-02 
5.93227019e-01 1.34774656e-02 
5.93523777e-01 1.34773794e-02 
5.93820684e-01 1.34772931e-02 
5.94117740e-01 1.34670576e-02 
5.94414944e-01 1.34658002e-02 
5.94712297e-01 1.34657140e-02 
5.95009799e-01 1.34656278e-02 
5.95307449e-01 1.34655416e-02 
5.95605248e-01 1.34654555e-02 
5.95903197e-01 1.34628879e-02 
5.96201294e-01 1.34511637e-02 
5.96499541e-01 1.34510776e-02 
5.96797936e-01 1.34509915e-02 
5.97096481e-01 1.34509055e-02 
5.97395175e-01 1.34508194e-02 
5.97694019e-01 1.34507334e-02 
5.97993012e-01 1.34384708e-02 
5.98292155e-01 1.34248829e-02 
5.98591447e-01 1.34247970e-02 
5.98890890e-01 1.34247111e-02 
5.99190482e-01 1.34246252e-02 
5.99490223e-01 1.34245394e-02 
5.99790115e-01 1.34244535e-02 
6.00090157e-01 1.34133243e-02 
6.00390349e-01 1.34104401e-02 
6.00690691e-01 1.34103544e-02 
6.00991183e-01 1.34102686e-02 
6.01291826e-01 1.34101828e-02 
6.01592618e-01 1.34100971e-02 
6.01893562e-01 1.34046513e-02 
6.02194656e-01 1.33734766e-02 
6.02495901e-01 1.33733910e-02 
6.02797296e-01 1.33733055e-02 
6.03098842e-01 1.33732200e-02 
6.03400539e-01 1.33731345e-02 
6.03702387e-01 1.33730490e-02 
6.04004386e-01 1.33660249e-02 
6.04306535e-01 1.33595065e-02 
6.04608837e-01 1.33594211e-02 
6.04911289e-01 1.33593357e-02 
6.05213892e-01 1.33592503e-02 
6.05516647e-01 1.33591648e-02 
6.05819554e-01 1.33590794e-02 
6.06122612e-01 1.33444266e-02 
6.06425821e-01 1.33428017e-02 
6.06729183e-01 1.33427164e-02 
6.07032696e-01 1.33426311e-02 
6.07336360e-01 1.33425458e-02 
6.07640177e-01 1.33424606e-02 
6.07944146e-01 1.33364041e-02 
6.08248267e-01 1.33231018e-02 
6.08552539e-01 1.33230166e-02 
6.08856965e-01 1.33229315e-02 
6.09161542e-01 1.33228463e-02 
6.09466272e-01 1.33227612e-02 
6.09771154e-01 1.33226760e-02 
6.10076189e-01 1.33203258e-02 
6.10381376e-01 1.33194776e-02 
6.10686716e-01 1.33193925e-02 
6.10992209e-01 1.33193074e-02 
6.11297854e-01 1.33192222e-02 
6.11603653e-01 1.33191371e-02 
6.11909604e-01 1.33211846e-02 
6.12215708e-01 1.33296905e-02 
6.12521966e-01 1.33296054e-02 
6.12828377e-01 1.33295202e-02 
6.13134941e-01 1.33294350e-02 
6.13441658e-01 1.33293499e-02 
6.13748529e-01 1.33292647e-02 
6.14055554e-01 1.33085101e-02 
6.14362732e-01 1.32988627e-02 
6.14670063e-01 1.32987777e-02 
6.14977549e-01 1.32986928e-02 
6.15285188e-01 1.32986078e-02 
6.15592981e-01 1.32985229e-02 
6.15900928e-01 1.33247273e-02 
6.16209029e-01 1.34507957e-02 
6.16517284e-01 1.34507098e-02 
6.16825694e-01 1.34506239e-02 
6.17134257e-01 1.34505379e-02 
6.17442975e-01 1.34504520e-02 
6.17751848e-01 1.34503661e-02 
6.18060875e-01 1.34336044e-02 
6.18370057e-01 1.34266244e-02 
6.18679393e-01 1.34265386e-02 
6.18988884e-01 1.34264529e-02 
6.19298530e-01 1.34263671e-02 
6.19608330e-01 1.34262814e-02 
6.19918286e-01 1.34289305e-02 
6.20228397e-01 1.34376708e-02 
6.20538663e-01 1.34375850e-02 
6.20849084e-01 1.34374992e-02 
6.21159660e-01 1.34374134e-02 
6.21470392e-01 1.34373276e-02 
6.21781279e-01 1.34372418e-02 
6.22092322e-01 1.34666968e-02 
6.22403520e-01 1.34743723e-02 
6.22714874e-01 1.34742862e-02 
6.23026384e-01 1.34742002e-02 
6.23338049e-01 1.34741142e-02 
6.23649871e-01 1.34740282e-02 
6.23961848e-01 1.34629532e-02 
6.24273982e-01 1.34442349e-02 
6.24586272e-01 1.34441490e-02 
6.24898718e-01 1.34440632e-02 
6.25211320e-01 1.34439774e-02 
6.25524078e-01 1.34438916e-02 
6.25836993e-01 1.34438058e-02 
6.26150065e-01 1.34161116e-02 
6.26463293e-01 1.34154695e-02 
6.26776678e-01 1.34153839e-02 
6.27090220e-01 1.34152983e-02 
6.27403918e-01 1.34152126e-02 
6.27717773e-01 1.34151270e-02 
6.28031786e-01 1.33979318e-02 
6.28345955e-01 1.33865450e-02 
6.28660282e-01 1.33864595e-02 
6.28974766e-01 1.33863741e-02 
6.29289407e-01 1.33862887e-02 
6.29604206e-01 1.33862032e-02 
6.29919162e-01 1.33779105e-02 
6.30234276e-01 1.33515784e-02 
6.30549547e-01 1.33514932e-02 
6.30864976e-01 1.33514080e-02 
6.31180563e-01 1.33513228e-02 
6.31496307e-01 1.33512376e-02 
6.31812210e-01 1.33511524e-02 
6.32128270e-01 1.33321147e-02 
6.32444489e-01 1.33300701e-02 
6.32760866e-01 1.33299851e-02 
6.33077401e-01 1.33299000e-02 
6.33394095e-01 1.33298150e-02 
6.33710947e-01 1.33297299e-02 
6.34027957e-01 1.33188778e-02 
6.34345126e-01 1.33112567e-02 
6.34662454e-01 1.33111718e-02 
6.34979940e-01 1.33110869e-02 
6.35297586e-01 1.33110020e-02 
6.35615390e-01 1.33109171e-02 
6.35933353e-01 1.33114260e-02 
6.36251475e-01 1.33127987e-02 
6.36569757e-01 1.33127138e-02 
6.36888197e-01 1.33126289e-02 
6.37206797e-01 1.33125440e-02 
6.37525556e-01 1.33124591e-02 
6.37844475e-01 1.33121720e-02 
6.38163553e-01 1.32963392e-02 
6.38482791e-01 1.32962545e-02 
6.38802189e-01 1.32961697e-02 
6.39121746e-01 1.32960849e-02 
6.39441463e-01 1.32960001e-02 
6.39761340e-01 1.32959153e-02 
6.40081377e-01 1.32846615e-02 
6.40401575e-01 1.32808516e-02 
6.40721932e-01 1.32807669e-02 
6.41042450e-01 1.32806822e-02 
6.41363128e-01 1.32805975e-02 
6.41683966e-01 1.32805129e-02 
6.42004965e-01 1.32966936e-02 
6.42326125e-01 1.33117828e-02 
6.42647445e-01 1.33116979e-02 
6.42968926e-01 1.33116131e-02 
6.43290567e-01 1.33115282e-02 
6.43612370e-01 1.33114434e-02 
6.43934334e-01 1.33106011e-02 
6.44256458e-01 1.33086902e-02 
6.44578744e-01 1.33086054e-02 
6.44901191e-01 1.33085206e-02 
6.45223799e-01 1.33084357e-02 
6.45546569e-01 1.33083509e-02 
6.45869500e-01 1.33061052e-02 
6.46192593e-01 1.32856979e-02 
6.46515847e-01 1.32856133e-02 
6.46839263e-01 1.32855286e-02 
6.47162841e-01 1.32854439e-02 
6.47486581e-01 1.32853593e-02 
6.47810483e-01 1.32852746e-02 
6.48134546e-01 1.32969416e-02 
6.48458772e-01 1.32979630e-02 
6.48783160e-01 1.32978782e-02 
6.49107710e-01 1.32977935e-02 
6.49432423e-01 1.32977088e-02 
6.49757298e-01 1.32976241e-02 
6.50082336e-01 1.32761165e-02 
6.50407536e-01 1.32691655e-02 
6.50732899e-01 1.32690810e-02 
6.51058424e-01 1.32689965e-02 
6.51384113e-01 1.32689119e-02 
6.51709964e-01 1.32688274e-02 
6.52035978e-01 1.32465816e-02 
6.52362156e-01 1.32323394e-02 
6.52688497e-01 1.32322551e-02 
6.53015000e-01 1.32321708e-02 
6.53341668e-01 1.32320866e-02 
6.53668498e-01 1.32320023e-02 
6.53995492e-01 1.32305006e-02 
6.54322650e-01 1.32288629e-02 
6.54649971e-01 1.32287786e-02 
6.54977457e-01 1.32286943e-02 
6.55305105e-01 1.32286101e-02 
6.55632918e-01 1.32285258e-02 
6.55960895e-01 1.32006798e-02 
6.56289036e-01 1.31501339e-02 
6.56617341e-01 1.31500502e-02 
6.56945810e-01 1.31499664e-02 
6.57274444e-01 1.31498827e-02 
6.57603242e-01 1.31497989e-02 
6.57932204e-01 1.31749839e-02 
6.58261331e-01 1.32285058e-02 
6.58590623e-01 1.32284215e-02 
6.58920079e-01 1.32283373e-02 
6.59249701e-01 1.32282530e-02 
6.59579487e-01 1.32281688e-02 
6.59909438e-01 1.32300520e-02 
6.60239554e-01 1.32366266e-02 
6.60569835e-01 1.32365423e-02 
6.60900282e-01 1.32364580e-02 
6.61230893e-01 1.32363737e-02 
6.61561671e-01 1.32362894e-02 
6.61892613e-01 1.32375078e-02 
6.62223721e-01 1.32435846e-02 
6.62554995e-01 1.32435003e-02 
6.62886435e-01 1.32434159e-02 
6.63218040e-01 1.32433316e-02 
6.63549811e-01 1.32432473e-02 
6.63881748e-01 1.32474401e-02 
6.64213852e-01 1.32729068e-02 
6.64546121e-01 1.32728223e-02 
6.64878557e-01 1.32727378e-02 
6.65211159e-01 1.32726533e-02 
6.65543927e-01 1.32725688e-02 
6.65876862e-01 1.32748375e-02 
6.66209963e-01 1.32906883e-02 
6.66543231e-01 1.32906036e-02 
6.66876665e-01 1.32905190e-02 
6.67210267e-01 1.32904344e-02 
6.67544035e-01 1.32903498e-02 
6.67877971e-01 1.32980296e-02 
6.68212073e-01 1.33473942e-02 
6.68546342e-01 1.33473093e-02 
6.68880779e-01 1.33472243e-02 
6.69215383e-01 1.33471394e-02 
6.69550154e-01 1.33470544e-02 
6.69885093e-01 1.33452457e-02 
6.70220200e-01 1.33357376e-02 
6.70555474e-01 1.33356528e-02 
6.70890915e-01 1.33355679e-02 
6.71226525e-01 1.33354830e-02 
6.71562302e-01 1.33353981e-02 
6.71898248e-01 1.33448474e-02 
6.72234361e-01 1.33833611e-02 
6.72570643e-01 1.33832760e-02 
6.72907093e-01 1.33831908e-02 
6.73243711e-01 1.33831056e-02 
6.73580497e-01 1.33830205e-02 
6.73917452e-01 1.33795238e-02 
6.74254576e-01 1.33693500e-02 
6.74591868e-01 1.33692649e-02 
6.74929329e-01 1.33691799e-02 
6.75266959e-01 1.33690948e-02 
6.75604757e-01 1.33690097e-02 
6.75942725e-01 1.33549937e-02 
6.76280862e-01 1.33267789e-02 
6.76619167e-01 1.33266941e-02 
6.76957642e-01 1.33266094e-02 
6.77296287e-01 1.33265246e-02 
6.77635101e-01 1.33264398e-02 
6.77974084e-01 1.33400963e-02 
6.78313237e-01 1.33588666e-02 
6.78652559e-01 1.33587816e-02 
6.78992052e-01 1.33586967e-02 
6.79331714e-01 1.33586117e-02 
6.79671546e-01 1.33585267e-02 
6.80011548e-01 1.33409567e-02 
6.80351720e-01 1.33255493e-02 
6.80692062e-01 1.33254645e-02 
6.81032575e-01 1.33253798e-02 
6.81373257e-01 1.33252950e-02 
6.81714111e-01 1.33252103e-02 
6.82055134e-01 1.33070009e-02 
6.82396329e-01 1.32977080e-02 
6.82737694e-01 1.32976235e-02 
6.83079230e-01 1.32975389e-02 
6.83420936e-01 1.32974544e-02 
6.83762814e-01 1.32973698e-02 
6.84104863e-01 1.32759231e-02 
6.84447082e-01 1.32706104e-02 
6.84789473e-01 1.32705260e-02 
6.85132036e-01 1.32704416e-02 
6.85474769e-01 1.32703572e-02 
6.85817674e-01 1.32702729e-02 
6.86160751e-01 1.32693446e-02 
6.86503999e-01 1.32692331e-02 
6.86847419e-01 1.32691488e-02 
6.87191011e-01 1.32690644e-02 
6.87534774e-01 1.32689801e-02 
6.87878710e-01 1.32634521e-02 
6.88222817e-01 1.32319706e-02 
6.88567097e-01 1.32318865e-02 
6.88911549e-01 1.32318024e-02 
6.89256173e-01 1.32317183e-02 
6.89600970e-01 1.32316342e-02 
6.89945939e-01 1.32168661e-02 
6.90291081e-01 1.31885681e-02 
6.90636395e-01 1.31884843e-02 
6.90981882e-01 1.31884004e-02 
6.91327542e-01 1.31883166e-02 
6.91673375e-01 1.31882328e-02 
6.92019381e-01 1.31903385e-02 
6.92365560e-01 1.31920111e-02 
6.92711912e-01 1.31919273e-02 
6.93058437e-01 1.31918434e-02 
6.93405136e-01 1.31917596e-02 
6.93752008e-01 1.31916758e-02 
6.94099054e-01 1.31640019e-02 
6.94446273e-01 1.31563669e-02 
6.94793666e-01 1.31562833e-02 
6.95141233e-01 1.31561997e-02 
6.95488974e-01 1.31561161e-02 
6.95836888e-01 1.31547746e-02 
6.96184977e-01 1.31159859e-02 
6.96533240e-01 1.31159026e-02 
6.96881677e-01 1.31158192e-02 
6.97230288e-01 1.31157359e-02 
6.97579074e-01 1.31156526e-02 
6.97928034e-01 1.31143285e-02 
6.98277168e-01 1.31112552e-02 
6.98626478e-01 1.31111719e-02 
6.98975962e-01 1.31110886e-02 
6.99325621e-01 1.31110053e-02 
6.99675455e-01 1.31109221e-02 
7.00025464e-01 1.30879929e-02 
7.00375647e-01 1.30703673e-02 
7.00726007e-01 1.30702842e-02 
7.01076541e-01 1.30702012e-02 
7.01427251e-01 1.30701182e-02 
7.01778136e-01 1.30700352e-02 
7.02129197e-01 1.30615864e-02 
7.02480433e-01 1.30602511e-02 
7.02831845e-01 1.30601681e-02 
7.03183433e-01 1.30600852e-02 
7.03535196e-01 1.30600023e-02 
7.03887136e-01 1.30664017e-02 
7.04239252e-01 1.30959710e-02 
7.04591544e-01 1.30958878e-02 
7.04944012e-01 1.30958047e-02 
7.05296656e-01 1.30957215e-02 
7.05649477e-01 1.30956384e-02 
7.06002474e-01 1.31645633e-02 
7.06355648e-01 1.32329336e-02 
7.06708999e-01 1.32328496e-02 
7.07062526e-01 1.32327655e-02 
7.07416230e-01 1.32326815e-02 
7.07770112e-01 1.32325975e-02 
7.08124170e-01 1.32647548e-02 
7.08478405e-01 1.32703711e-02 
7.08832818e-01 1.32702869e-02 
7.09187407e-01 1.32702026e-02 
7.09542174e-01 1.32701184e-02 
7.09897119e-01 1.32715699e-02 
7.10252241e-01 1.32772660e-02 
7.10607541e-01 1.32771817e-02 
7.10963019e-01 1.32770975e-02 
7.11318674e-01 1.32770132e-02 
7.11674507e-01 1.32769290e-02 
7.12030519e-01 1.33143544e-02 
7.12386708e-01 1.33412728e-02 
7.12743076e-01 1.33411882e-02 
7.13099622e-01 1.33411035e-02 
7.13456346e-01 1.33410189e-02 
7.13813248e-01 1.33409342e-02 
7.14170330e-01 1.33433072e-02 
7.14527589e-01 1.33432807e-02 
7.14885028e-01 1.33431960e-02 
7.15242645e-01 1.33431114e-02 
7.15600442e-01 1.33430267e-02 
7.15958417e-01 1.33255719e-02 
7.16316571e-01 1.32975871e-02 
7.16674905e-01 1.32975027e-02 
7.17033417e-01 1.32974184e-02 
7.17392110e-01 1.32973340e-02 
7.17750981e-01 1.32972497e-02 
7.18110032e-01 1.32454453e-02 
7.18469263e-01 1.32326822e-02 
7.18828673e-01 1.32325983e-02 
7.19188263e-01 1.32325144e-02 
7.19548033e-01 1.32324305e-02 
7.19907983e-01 1.32391641e-02 
7.20268113e-01 1.32598075e-02 
7.20628424e-01 1.32597234e-02 
7.20988914e-01 1.32596394e-02 
7.21349585e-01 1.32595553e-02 
7.21710436e-01 1.32594712e-02 
7.22071468e-01 1.32081781e-02 
7.22432680e-01 1.31859722e-02 
7.22794073e-01 1.31858886e-02 
7.23155647e-01 1.31858050e-02 
7.23517402e-01 1.31857214e-02 
7.23879337e-01 1.31800370e-02 
7.24241454e-01 1.31521434e-02 
7.24603752e-01 1.31520601e-02 
7.24966231e-01 1.31519767e-02 
7.25328891e-01 1.31518933e-02 
7.25691733e-01 1.31518100e-02 
7.26054757e-01 1.31200383e-02 
7.26417962e-01 1.31029651e-02 
7.26781348e-01 1.31028821e-02 
7.27144917e-01 1.31027990e-02 
7.27508667e-01 1.31027160e-02 
7.27872599e-01 1.30955847e-02 
7.28236714e-01 1.30546059e-02 
7.28601010e-01 1.30545232e-02 
7.28965489e-01 1.30544405e-02 
7.29330150e-01 1.30543578e-02 
7.29694993e-01 1.30542751e-02 
7.30060019e-01 1.30424065e-02 
7.30425228e-01 1.30364649e-02 
7.30790619e-01 1.30363823e-02 
7.31156193e-01 1.30362997e-02 
7.31521950e-01 1.30362172e-02 
7.31887890e-01 1.30330834e-02 
7.32254013e-01 1.30202594e-02 
7.32620319e-01 1.30201769e-02 
7.32986808e-01 1.30200945e-02 
7.33353481e-01 1.30200120e-02 
7.33720337e-01 1.30199296e-02 
7.34087377e-01 1.30063729e-02 
7.34454600e-01 1.30015234e-02 
7.34822007e-01 1.30014411e-02 
7.35189598e-01 1.30013588e-02 
7.35557372e-01 1.30012764e-02 
7.35925331e-01 1.29907603e-02 
7.36293473e-01 1.29660384e-02 
7.36661800e-01 1.29659563e-02 
7.37030311e-01 1.29658743e-02 
7.37399007e-01 1.29657922e-02 
7.37767887e-01 1.29657101e-02 
7.38136951e-01 1.29381005e-02 
7.38506200e-01 1.29338525e-02 
7.38875634e-01 1.29337707e-02 
7.39245252e-01 1.29336889e-02 
7.39615056e-01 1.29336070e-02 
7.39985044e-01 1.29270400e-02 
7.40355218e-01 1.29192395e-02 
7.40725576e-01 1.29191578e-02 
7.41096120e-01 1.29190761e-02 
7.41466849e-01 1.29189943e-02 
7.41837764e-01 1.29183625e-02 
7.42208865e-01 1.29101481e-02 
7.42580151e-01 1.29100665e-02 
7.42951622e-01 1.29099848e-02 
7.43323280e-01 1.29099032e-02 
7.43695123e-01 1.29098216e-02 
7.44067153e-01 1.29106769e-02 
7.44439368e-01 1.29110347e-02 
7.44811770e-01 1.29109531e-02 
7.45184358e-01 1.29108715e-02 
7.45557132e-01 1.29107899e-02 
7.45930093e-01 1.29087295e-02 
7.46303241e-01 1.29043230e-02 
7.46676575e-01 1.29042414e-02 
7.47050096e-01 1.29041599e-02 
7.47423804e-01 1.29040784e-02 
7.47797698e-01 1.29039968e-02 
7.48171780e-01 1.28934754e-02 
7.48546049e-01 1.28929466e-02 
7.48920505e-01 1.28928652e-02 
7.49295149e-01 1.28927837e-02 
7.49669979e-01 1.28927023e-02 
7.50044998e-01 1.28864270e-02 
7.50420204e-01 1.28825519e-02 
7.50795597e-01 1.28824705e-02 
7.51171179e-01 1.28823892e-02 
7.51546948e-01 1.28823079e-02 
7.51922905e-01 1.28795583e-02 
7.52299051e-01 1.28730970e-02 
7.52675384e-01 1.28730157e-02 
7.53051906e-01 1.28729345e-02 
7.53428616e-01 1.28728533e-02 
7.53805515e-01 1.28727720e-02 
7.54182602e-01 1.28718476e-02 
7.54559878e-01 1.28717530e-02 
7.54937342e-01 1.28716718e-02 
7.55314995e-01 1.28715906e-02 
7.55692838e-01 1.28715094e-02 
7.56070869e-01 1.28655687e-02 
7.56449089e-01 1.28627948e-02 
7.56827499e-01 1.28627137e-02 
7.57206098e-01 1.28626326e-02 
7.57584886e-01 1.28625515e-02 
7.57963864e-01 1.28777219e-02 
7.58343031e-01 1.29002012e-02 
7.58722388e-01 1.29001200e-02 
7.59101935e-01 1.29000387e-02 
7.59481671e-01 1.28999574e-02 
7.59861598e-01 1.29015592e-02 
7.60241715e-01 1.29122788e-02 
7.60622021e-01 1.29121975e-02 
7.61002518e-01 1.29121161e-02 
7.61383206e-01 1.29120348e-02 
7.61764084e-01 1.29119536e-02 
7.62145152e-01 1.29299948e-02 
7.62526411e-01 1.29323557e-02 
7.62907861e-01 1.29322743e-02 
7.63289501e-01 1.29321929e-02 
7.63671333e-01 1.29321115e-02 
7.64053355e-01 1.29352356e-02 
7.64435569e-01 1.29369712e-02 
7.64817973e-01 1.29368899e-02 
7.65200569e-01 1.29368086e-02 
7.65583357e-01 1.29367272e-02 
7.65966336e-01 1.29644062e-02 
7.66349506e-01 1.30051577e-02 
7.66732868e-01 1.30050760e-02 
7.67116422e-01 1.30049942e-02 
7.67500168e-01 1.30049125e-02 
7.67884106e-01 1.30019777e-02 
7.68268236e-01 1.29905441e-02 
7.68652558e-01 1.29904625e-02 
7.69037072e-01 1.29903809e-02 
7.69421779e-01 1.29902993e-02 
7.69806678e-01 1.29902178e-02 
7.70191769e-01 1.30096975e-02 
7.70577054e-01 1.30096549e-02 
7.70962531e-01 1.30095732e-02 
7.71348201e-01 1.30094915e-02 
7.71734063e-01 1.30094098e-02 
7.72120119e-01 1.29741353e-02 
7.72506368e-01 1.29658798e-02 
7.72892810e-01 1.29657985e-02 
7.73279446e-01 1.29657171e-02 
7.73666274e-01 1.29656358e-02 
7.74053297e-01 1.29724437e-02 
7.74440513e-01 1.29763284e-02 
7.74827922e-01 1.29762471e-02 
7.75215526e-01 1.29761657e-02 
7.75603323e-01 1.29760843e-02 
7.75991315e-01 1.29740950e-02 
7.76379500e-01 1.29719430e-02 
7.76767880e-01 1.29718616e-02 
7.77156454e-01 1.29717803e-02 
7.77545222e-01 1.29716989e-02 
7.77934185e-01 1.29710446e-02 
7.78323342e-01 1.29698079e-02 
7.78712694e-01 1.29697266e-02 
7.79102241e-01 1.29696453e-02 
7.79491983e-01 1.29695640e-02 
7.79881919e-01 1.29626080e-02 
7.80272051e-01 1.29344002e-02 
7.80662378e-01 1.29343191e-02 
7.81052900e-01 1.29342381e-02 
7.81443617e-01 1.29341569e-02 
7.81834530e-01 1.29346421e-02 
7.82225639e-01 1.29414215e-02 
7.82616943e-01 1.29413403e-02 
7.83008443e-01 1.29412593e-02 
7.83400139e-01 1.29411781e-02 
7.83792030e-01 1.29410970e-02 
7.84184118e-01 1.29299631e-02 
7.84576402e-01 1.29295351e-02 
7.84968882e-01 1.29294541e-02 
7.85361558e-01 1.29293730e-02 
7.85754431e-01 1.29292919e-02 
7.86147501e-01 1.29123086e-02 
7.86540767e-01 1.29098344e-02 
7.86934229e-01 1.29097534e-02 
7.87327889e-01 1.29096725e-02 
7.87721745e-01 1.29095915e-02 
7.88115799e-01 1.28905536e-02 
7.88510050e-01 1.28855260e-02 
7.88904498e-01 1.28854452e-02 
7.89299143e-01 1.28853644e-02 
7.89693985e-01 1.28852836e-02 
7.90089025e-01 1.28840822e-02 
7.90484263e-01 1.28835713e-02 
7.90879699e-01 1.28834905e-02 
7.91275332e-01 1.28834097e-02 
7.91671163e-01 1.28833288e-02 
7.92067192e-01 1.28664248e-02 
7.92463420e-01 1.28578924e-02 
7.92859845e-01 1.28578117e-02 
7.93256469e-01 1.28577311e-02 
7.93653291e-01 1.28576504e-02 
7.94050312e-01 1.28605578e-02 
7.94447531e-01 1.28622541e-02 
7.94844949e-01 1.28621734e-02 
7.95242566e-01 1.28620926e-02 
7.95640382e-01 1.28620119e-02 
7.96038397e-01 1.28444858e-02 
7.96436611e-01 1.28327879e-02 
7.96835024e-01 1.28327073e-02 
7.97233636e-01 1.28326268e-02 
7.97632448e-01 1.28325462e-02 
7.98031459e-01 1.28359824e-02 
7.98430670e-01 1.28384656e-02 
7.98830081e-01 1.28383850e-02 
7.99229691e-01 1.28383043e-02 
7.99629502e-01 1.28382236e-02 
8.00029512e-01 1.28263726e-02 
8.00429722e-01 1.28174478e-02 
8.00830133e-01 1.28173672e-02 
8.01230744e-01 1.28172867e-02 
8.01631555e-01 1.28172062e-02 
8.02032567e-01 1.28096819e-02 
8.02433780e-01 1.28042196e-02 
8.02835193e-01 1.28041392e-02 
8.03236807e-01 1.28040587e-02 
8.03638622e-01 1.28039783e-02 
8.04040637e-01 1.27959740e-02 
8.04442854e-01 1.27905938e-02 
8.04845273e-01 1.27905134e-02 
8.05247892e-01 1.27904330e-02 
8.05650713e-01 1.27903526e-02 
8.06053735e-01 1.27952295e-02 
8.06456959e-01 1.27980066e-02 
8.06860385e-01 1.27979262e-02 
8.07264013e-01 1.27978457e-02 
8.07667842e-01 1.27977652e-02 
8.08071874e-01 1.27810604e-02 
8.08476107e-01 1.27729549e-02 
8.08880543e-01 1.27728746e-02 
8.09285181e-01 1.27727943e-02 
8.09690022e-01 1.27727139e-02 
8.10095065e-01 1.27719418e-02 
8.10500310e-01 1.27716137e-02 
8.10905759e-01 1.27715334e-02 
8.11311410e-01 1.27714530e-02 
8.11717264e-01 1.27713727e-02 
8.12123321e-01 1.27622716e-02 
8.12529581e-01 1.27599951e-02 
8.12936045e-01 1.27599148e-02 
8.13342712e-01 1.27598345e-02 
8.13749582e-01 1.27597542e-02 
8.14156656e-01 1.27502442e-02 
8.14563933e-01 1.27489273e-02 
8.14971415e-01 1.27488470e-02 
8.15379100e-01 1.27487668e-02 
8.15786989e-01 1.27486865e-02 
8.16195082e-01 1.27465197e-02 
8.16603379e-01 1.27463925e-02 
8.17011880e-01 1.27463123e-02 
8.17420586e-01 1.27462320e-02 
8.17829496e-01 1.27507708e-02 
8.18238611e-01 1.28033280e-02 
8.18647930e-01 1.28032474e-02 
8.19057455e-01 1.28031668e-02 
8.19467184e-01 1.28030861e-02 
8.19877118e-01 1.27972862e-02 
8.20287257e-01 1.27744475e-02 
8.20697601e-01 1.27743671e-02 
8.21108150e-01 1.27742866e-02 
8.21518905e-01 1.27742062e-02 
8.21929866e-01 1.27664183e-02 
8.22341032e-01 1.27506581e-02 
8.22752403e-01 1.27505778e-02 
8.23163981e-01 1.27504975e-02 
8.23575764e-01 1.27504172e-02 
8.23987753e-01 1.27515907e-02 
8.24399949e-01 1.27529166e-02 
8.24812350e-01 1.27528363e-02 
8.25224958e-01 1.27527560e-02 
8.25637773e-01 1.27526758e-02 
8.26050793e-01 1.27544173e-02 
8.26464021e-01 1.27554311e-02 
8.26877455e-01 1.27553508e-02 
8.27291096e-01 1.27552706e-02 
8.27704944e-01 1.27551903e-02 
8.28118999e-01 1.27659977e-02 
8.28533261e-01 1.27688792e-02 
8.28947730e-01 1.27687988e-02 
8.29362407e-01 1.27687186e-02 
8.29777291e-01 1.27686383e-02 
8.30192382e-01 1.27634013e-02 
8.30607682e-01 1.27631217e-02 
8.31023189e-01 1.27630415e-02 
8.31438903e-01 1.27629614e-02 
8.31854826e-01 1.27629550e-02 
8.32270957e-01 1.27632919e-02 
8.32687296e-01 1.27632118e-02 
8.33103843e-01 1.27631317e-02 
8.33520599e-01 1.27630516e-02 
8.33937563e-01 1.27635966e-02 
8.34354736e-01 1.27646724e-02 
8.34772117e-01 1.27645924e-02 
8.35189708e-01 1.27645124e-02 
8.35607507e-01 1.27644324e-02 
8.36025515e-01 1.27663704e-02 
8.36443732e-01 1.27678631e-02 
8.36862159e-01 1.27677832e-02 
8.37280794e-01 1.27677033e-02 
8.37699640e-01 1.27676234e-02 
8.38118694e-01 1.27949913e-02 
8.38537959e-01 1.28026623e-02 
8.38957433e-01 1.28025822e-02 
8.39377117e-01 1.28025022e-02 
8.39797010e-01 1.28015862e-02 
8.40217114e-01 1.27535054e-02 
8.40637428e-01 1.27534258e-02 
8.41057953e-01 1.27533462e-02 
8.41478687e-01 1.27532666e-02 
8.41899633e-01 1.27617945e-02 
8.42320788e-01 1.27865608e-02 
8.42742155e-01 1.27864811e-02 
8.43163732e-01 1.27864014e-02 
8.43585520e-01 1.27863217e-02 
8.44007519e-01 1.27765035e-02 
8.44429729e-01 1.27673806e-02 
8.44852151e-01 1.27673010e-02 
8.45274783e-01 1.27672214e-02 
8.45697627e-01 1.27671418e-02 
8.46120683e-01 1.27724936e-02 
8.46543950e-01 1.27739082e-02 
8.46967429e-01 1.27738285e-02 
8.47391120e-01 1.27737489e-02 
8.47815023e-01 1.27723064e-02 
8.48239138e-01 1.27520194e-02 
8.48663465e-01 1.27519398e-02 
8.49088004e-01 1.27518602e-02 
8.49512756e-01 1.27517805e-02 
8.49937720e-01 1.27495049e-02 
8.50362897e-01 1.27452153e-02 
8.50788286e-01 1.27451356e-02 
8.51213889e-01 1.27450558e-02 
8.51639704e-01 1.27449760e-02 
8.52065732e-01 1.27410456e-02 
8.52491973e-01 1.27389917e-02 
8.52918428e-01 1.27389118e-02 
8.53345095e-01 1.27388319e-02 
8.53771977e-01 1.27387519e-02 
8.54199071e-01 1.26896510e-02 
8.54626380e-01 1.26875737e-02 
8.55053902e-01 1.26874940e-02 
8.55481638e-01 1.26874142e-02 
8.55909588e-01 1.26986082e-02 
8.56337752e-01 1.27218160e-02 
8.56766131e-01 1.27217359e-02 
8.57194723e-01 1.27216557e-02 
8.57623530e-01 1.27215755e-02 
8.58052552e-01 1.27076264e-02 
8.58481788e-01 1.26989668e-02 
8.58911239e-01 1.26988868e-02 
8.59340905e-01 1.26988066e-02 
8.59770785e-01 1.26987265e-02 
8.60200881e-01 1.26916454e-02 
8.60631192e-01 1.26913259e-02 
8.61061718e-01 1.26912459e-02 
8.61492459e-01 1.26911658e-02 
8.61923416e-01 1.26904493e-02 
8.62354589e-01 1.26890468e-02 
8.62785977e-01 1.26889667e-02 
8.63217581e-01 1.26888867e-02 
8.63649401e-01 1.26888067e-02 
8.64081437e-01 1.26756608e-02 
8.64513689e-01 1.26695745e-02 
8.64946157e-01 1.26694946e-02 
8.65378842e-01 1.26694148e-02 
8.65811743e-01 1.26677838e-02 
8.66244860e-01 1.26420051e-02 
8.66678195e-01 1.26419254e-02 
8.67111746e-01 1.26418458e-02 
8.67545514e-01 1.26417660e-02 
8.67979499e-01 1.26648144e-02 
8.68413701e-01 1.26893948e-02 
8.68848120e-01 1.26893148e-02 
8.69282757e-01 1.26892349e-02 
8.69717610e-01 1.26891549e-02 
8.70152682e-01 1.26524978e-02 
8.70587971e-01 1.26461364e-02 
8.71023478e-01 1.26460568e-02 
8.71459203e-01 1.26459771e-02 
8.71895146e-01 1.26451915e-02 
8.72331306e-01 1.26430880e-02 
8.72767685e-01 1.26430083e-02 
8.73204283e-01 1.26429287e-02 
8.73641098e-01 1.26428491e-02 
8.74078133e-01 1.26153469e-02 
8.74515386e-01 1.26019087e-02 
8.74952857e-01 1.26018294e-02 
8.75390548e-01 1.26017501e-02 
8.75828457e-01 1.26061480e-02 
8.76266585e-01 1.26418747e-02 
8.76704933e-01 1.26417952e-02 
8.77143500e-01 1.26417158e-02 
8.77582286e-01 1.26416363e-02 
8.78021292e-01 1.26305958e-02 
8.78460517e-01 1.26214589e-02 
8.78899962e-01 1.26213796e-02 
8.79339627e-01 1.26213003e-02 
8.79779512e-01 1.26212211e-02 
8.80219617e-01 1.26301890e-02 
8.80659942e-01 1.26301187e-02 
8.81100488e-01 1.26300394e-02 
8.81541253e-01 1.26299602e-02 
8.81982240e-01 1.26318573e-02 
8.82423446e-01 1.26340737e-02 
8.82864874e-01 1.26339945e-02 
8.83306522e-01 1.26339152e-02 
8.83748392e-01 1.26338359e-02 
8.84190482e-01 1.26094822e-02 
8.84632793e-01 1.26075908e-02 
8.85075326e-01 1.26075117e-02 
8.85518080e-01 1.26074326e-02 
8.85961056e-01 1.26368445e-02 
8.86404253e-01 1.26807790e-02 
8.86847672e-01 1.26806995e-02 
8.87291313e-01 1.26806199e-02 
8.87735176e-01 1.26805404e-02 
8.88179260e-01 1.27037480e-02 
8.88623567e-01 1.27060546e-02 
8.89068096e-01 1.27059750e-02 
8.89512848e-01 1.27058953e-02 
8.89957822e-01 1.26991692e-02 
8.90403018e-01 1.26893755e-02 
8.90848438e-01 1.26892960e-02 
8.91294080e-01 1.26892165e-02 
8.91739945e-01 1.26891369e-02 
8.92186033e-01 1.26727035e-02 
8.92632344e-01 1.26711181e-02 
8.93078878e-01 1.26710387e-02 
8.93525636e-01 1.26709594e-02 
8.93972618e-01 1.26800304e-02 
8.94419823e-01 1.26916455e-02 
8.94867251e-01 1.26915661e-02 
8.95314904e-01 1.26914867e-02 
8.95762780e-01 1.26914073e-02 
8.96210881e-01 1.26774488e-02 
8.96659205e-01 1.26769498e-02 
8.97107754e-01 1.26768705e-02 
8.97556528e-01 1.26767912e-02 
8.98005525e-01 1.26645272e-02 
8.98454748e-01 1.26528543e-02 
8.98904195e-01 1.26527752e-02 
8.99353867e-01 1.26526961e-02 
8.99803764e-01 1.26500706e-02 
9.00253886e-01 1.26103921e-02 
9.00704233e-01 1.26103133e-02 
9.01154805e-01 1.26102346e-02 
9.01605603e-01 1.26101558e-02 
9.02056626e-01 1.26192365e-02 
9.02507875e-01 1.26244296e-02 
9.02959350e-01 1.26243508e-02 
9.03411050e-01 1.26242720e-02 
9.03862977e-01 1.26239118e-02 
9.04315129e-01 1.26227107e-02 
9.04767508e-01 1.26226319e-02 
9.05220113e-01 1.26225532e-02 
9.05672945e-01 1.26224745e-02 
9.06126003e-01 1.25963973e-02 
9.06579287e-01 1.25887624e-02 
9.07032799e-01 1.25886840e-02 
9.07486537e-01 1.25886056e-02 
9.07940502e-01 1.25867348e-02 
9.08394694e-01 1.25835066e-02 
9.08849114e-01 1.25834283e-02 
9.09303761e-01 1.25833500e-02 
9.09758635e-01 1.25832717e-02 
9.10213737e-01 1.25875580e-02 
9.10669066e-01 1.25876146e-02 
9.11124624e-01 1.25875364e-02 
9.11580409e-01 1.25874582e-02 
9.12036422e-01 1.25860469e-02 
9.12492663e-01 1.25850204e-02 
9.12949133e-01 1.25849423e-02 
9.13405831e-01 1.25848643e-02 
9.13862757e-01 1.25830029e-02 
9.14319912e-01 1.25757172e-02 
9.14777295e-01 1.25756392e-02 
9.15234908e-01 1.25755614e-02 
9.15692749e-01 1.25754835e-02 
9.16150819e-01 1.25685958e-02 
9.16609119e-01 1.25671063e-02 
9.17067648e-01 1.25670286e-02 
9.17526406e-01 1.25669508e-02 
9.17985393e-01 1.25635864e-02 
9.18444611e-01 1.25597833e-02 
9.18904058e-01 1.25597057e-02 
9.19363734e-01 1.25596283e-02 
9.19823641e-01 1.25571099e-02 
9.20283778e-01 1.25380120e-02 
9.20744145e-01 1.25379347e-02 
9.21204742e-01 1.25378575e-02 
9.21665570e-01 1.25377803e-02 
9.22126628e-01 1.24928520e-02 
9.22587917e-01 1.24791723e-02 
9.23049436e-01 1.24790955e-02 
9.23511187e-01 1.24790189e-02 
9.23973168e-01 1.25021305e-02 
9.24435381e-01 1.25305574e-02 
9.24897825e-01 1.25304805e-02 
9.25360500e-01 1.25304035e-02 
9.25823406e-01 1.25319169e-02 
9.26286545e-01 1.25434622e-02 
9.26749914e-01 1.25433855e-02 
9.27213516e-01 1.25433087e-02 
9.27677350e-01 1.25432318e-02 
9.28141415e-01 1.25558970e-02 
9.28605713e-01 1.25589036e-02 
9.29070243e-01 1.25588270e-02 
9.29535005e-01 1.25587503e-02 
9.30000000e-01 1.25531929e-02 
