2.00000000e-01 1.30523818e-02 
2.00100049e-01 1.30521709e-02 
2.00200148e-01 1.30519600e-02 
2.00300297e-01 1.30517492e-02 
2.00400496e-01 1.30515385e-02 
2.00500745e-01 1.30513278e-02 
2.00601045e-01 1.30511171e-02 
2.00701394e-01 1.30509065e-02 
2.00801794e-01 1.30506960e-02 
2.00902244e-01 1.30504856e-02 
2.01002744e-01 1.30502751e-02 
2.01103295e-01 1.30500648e-02 
2.01203896e-01 1.30498545e-02 
2.01304547e-01 1.30496442e-02 
2.01405248e-01 1.30494341e-02 
2.01506000e-01 1.30492239e-02 
2.01606803e-01 1.30490139e-02 
2.01707655e-01 1.30488038e-02 
2.01808558e-01 1.30485939e-02 
2.01909512e-01 1.30483840e-02 
2.02010516e-01 1.30481741e-02 
2.02111571e-01 1.30479643e-02 
2.02212676e-01 1.30477546e-02 
2.02313832e-01 1.30475449e-02 
2.02415038e-01 1.30473353e-02 
2.02516295e-01 1.30471257e-02 
2.02617603e-01 1.30469162e-02 
2.02718961e-01 1.30467068e-02 
2.02820370e-01 1.30464973e-02 
2.02921830e-01 1.30462880e-02 
2.03023341e-01 1.30460787e-02 
2.03124902e-01 1.30458695e-02 
2.03226514e-01 1.30456603e-02 
2.03328177e-01 1.30454512e-02 
2.03429891e-01 1.30452421e-02 
2.03531656e-01 1.30450331e-02 
2.03633471e-01 1.30448241e-02 
2.03735338e-01 1.30446152e-02 
2.03837255e-01 1.30444063e-02 
2.03939224e-01 1.30441975e-02 
2.04041243e-01 1.30439888e-02 
2.04143314e-01 1.30437801e-02 
2.04245435e-01 1.30435715e-02 
2.04347608e-01 1.30433629e-02 
2.04449832e-01 1.30431544e-02 
2.04552107e-01 1.30429459e-02 
2.04654433e-01 1.30427375e-02 
2.04756810e-01 1.30425291e-02 
2.04859239e-01 1.30423208e-02 
2.04961718e-01 1.30421125e-02 
2.05064249e-01 1.30419043e-02 
2.05166832e-01 1.30416962e-02 
2.05269465e-01 1.30414881e-02 
2.05372150e-01 1.30412800e-02 
2.05474886e-01 1.30410720e-02 
2.05577674e-01 1.30408641e-02 
2.05680513e-01 1.30406562e-02 
2.05783404e-01 1.30404484e-02 
2.05886346e-01 1.30402406e-02 
2.05989339e-01 1.30400329e-02 
2.06092384e-01 1.30398252e-02 
2.06195481e-01 1.30396176e-02 
2.06298629e-01 1.30394100e-02 
2.06401829e-01 1.30392025e-02 
2.06505080e-01 1.30389950e-02 
2.06608383e-01 1.30387876e-02 
2.06711738e-01 1.30385803e-02 
2.06815145e-01 1.30383730e-02 
2.06918603e-01 1.30381657e-02 
2.07022113e-01 1.30379585e-02 
2.07125674e-01 1.30377514e-02 
2.07229288e-01 1.30375443e-02 
2.07332953e-01 1.30373372e-02 
2.07436670e-01 1.30371302e-02 
2.07540439e-01 1.30369233e-02 
2.07644260e-01 1.30367164e-02 
2.07748133e-01 1.30365096e-02 
2.07852058e-01 1.30363028e-02 
2.07956035e-01 1.30360961e-02 
2.08060064e-01 1.30358894e-02 
2.08164145e-01 1.30356827e-02 
2.08268278e-01 1.30354762e-02 
2.08372463e-01 1.30352696e-02 
2.08476700e-01 1.30350632e-02 
2.08580989e-01 1.30348567e-02 
2.08685331e-01 1.30346504e-02 
2.08789725e-01 1.30344440e-02 
2.08894171e-01 1.30342378e-02 
2.08998669e-01 1.30340315e-02 
2.09103219e-01 1.30338254e-02 
2.09207822e-01 1.30336192e-02 
2.09312477e-01 1.30334132e-02 
2.09417184e-01 1.30332072e-02 
2.09521944e-01 1.30330012e-02 
2.09626757e-01 1.30327953e-02 
2.09731621e-01 1.30325894e-02 
2.09836538e-01 1.30323836e-02 
2.09941508e-01 1.30321778e-02 
2.10046530e-01 1.30319721e-02 
2.10151605e-01 1.30317664e-02 
2.10256732e-01 1.30315608e-02 
2.10361912e-01 1.30313552e-02 
2.10467144e-01 1.30311497e-02 
2.10572429e-01 1.30309443e-02 
2.10677767e-01 1.30307388e-02 
2.10783157e-01 1.30305335e-02 
2.10888600e-01 1.30303281e-02 
2.10994096e-01 1.30301229e-02 
2.11099645e-01 1.30299177e-02 
2.11205246e-01 1.30297125e-02 
2.11310901e-01 1.30295074e-02 
2.11416608e-01 1.30293023e-02 
2.11522368e-01 1.30290973e-02 
2.11628181e-01 1.30288923e-02 
2.11734046e-01 1.30286874e-02 
2.11839965e-01 1.30284825e-02 
2.11945937e-01 1.30282777e-02 
2.12051962e-01 1.30280729e-02 
2.12158040e-01 1.30278682e-02 
2.12264171e-01 1.30276635e-02 
2.12370355e-01 1.30274588e-02 
2.12476592e-01 1.30272543e-02 
2.12582882e-01 1.30270497e-02 
2.12689225e-01 1.30268452e-02 
2.12795622e-01 1.30266408e-02 
2.12902072e-01 1.30264364e-02 
2.13008575e-01 1.30262321e-02 
2.13115131e-01 1.30260278e-02 
2.13221741e-01 1.30258235e-02 
2.13328404e-01 1.30256193e-02 
2.13435121e-01 1.30254152e-02 
2.13541890e-01 1.30252111e-02 
2.13648713e-01 1.30250070e-02 
2.13755590e-01 1.30248030e-02 
2.13862520e-01 1.30245991e-02 
2.13969504e-01 1.30243952e-02 
2.14076541e-01 1.30241913e-02 
2.14183631e-01 1.30239875e-02 
2.14290776e-01 1.30237837e-02 
2.14397973e-01 1.30235800e-02 
2.14505225e-01 1.30233763e-02 
2.14612530e-01 1.30231727e-02 
2.14719889e-01 1.30229691e-02 
2.14827301e-01 1.30227656e-02 
2.14934767e-01 1.30225621e-02 
2.15042287e-01 1.30223587e-02 
2.15149861e-01 1.30221553e-02 
2.15257489e-01 1.30219519e-02 
2.15365170e-01 1.30217486e-02 
2.15472905e-01 1.30215454e-02 
2.15580694e-01 1.30213422e-02 
2.15688537e-01 1.30211390e-02 
2.15796434e-01 1.30209359e-02 
2.15904385e-01 1.30207328e-02 
2.16012390e-01 1.30205298e-02 
2.16120450e-01 1.30203268e-02 
2.16228563e-01 1.30201239e-02 
2.16336730e-01 1.30199210e-02 
2.16444951e-01 1.30197182e-02 
2.16553226e-01 1.30195154e-02 
2.16661556e-01 1.30193127e-02 
2.16769940e-01 1.30191100e-02 
2.16878378e-01 1.30189073e-02 
2.16986870e-01 1.30187047e-02 
2.17095417e-01 1.30185022e-02 
2.17204017e-01 1.30182997e-02 
2.17312672e-01 1.30180972e-02 
2.17421382e-01 1.30178948e-02 
2.17530146e-01 1.30176924e-02 
2.17638964e-01 1.30174901e-02 
2.17747837e-01 1.30172878e-02 
2.17856764e-01 1.30170856e-02 
2.17965746e-01 1.30168834e-02 
2.18074782e-01 1.30166812e-02 
2.18183873e-01 1.30164791e-02 
2.18293018e-01 1.30162771e-02 
2.18402218e-01 1.30160750e-02 
2.18511472e-01 1.30158731e-02 
2.18620781e-01 1.30156712e-02 
2.18730145e-01 1.30154693e-02 
2.18839564e-01 1.30152674e-02 
2.18949037e-01 1.30150657e-02 
2.19058565e-01 1.30148639e-02 
2.19168148e-01 1.30146622e-02 
2.19277786e-01 1.30144606e-02 
2.19387478e-01 1.30142590e-02 
2.19497226e-01 1.30140574e-02 
2.19607028e-01 1.30138559e-02 
2.19716885e-01 1.30136544e-02 
2.19826797e-01 1.30134530e-02 
2.19936765e-01 1.30132516e-02 
2.20046787e-01 1.30130502e-02 
2.20156864e-01 1.30128489e-02 
2.20266996e-01 1.30126477e-02 
2.20377184e-01 1.30124465e-02 
2.20487426e-01 1.30122453e-02 
2.20597724e-01 1.30120442e-02 
2.20708077e-01 1.30118431e-02 
2.20818485e-01 1.30116421e-02 
2.20928948e-01 1.30114411e-02 
2.21039466e-01 1.30112401e-02 
2.21150040e-01 1.30110392e-02 
2.21260669e-01 1.30108384e-02 
2.21371354e-01 1.30106375e-02 
2.21482094e-01 1.30104368e-02 
2.21592889e-01 1.30102360e-02 
2.21703739e-01 1.30100353e-02 
2.21814645e-01 1.30098347e-02 
2.21925607e-01 1.30096341e-02 
2.22036624e-01 1.30094335e-02 
2.22147697e-01 1.30092330e-02 
2.22258825e-01 1.30090326e-02 
2.22370009e-01 1.30088321e-02 
2.22481248e-01 1.30086317e-02 
2.22592543e-01 1.30084314e-02 
2.22703894e-01 1.30082311e-02 
2.22815300e-01 1.30080308e-02 
2.22926762e-01 1.30078306e-02 
2.23038280e-01 1.30076304e-02 
2.23149854e-01 1.30074303e-02 
2.23261483e-01 1.30072302e-02 
2.23373169e-01 1.30070302e-02 
2.23484910e-01 1.30068302e-02 
2.23596707e-01 1.30066302e-02 
2.23708560e-01 1.30064303e-02 
2.23820469e-01 1.30062304e-02 
2.23932434e-01 1.30060306e-02 
2.24044455e-01 1.30058308e-02 
2.24156532e-01 1.30056311e-02 
2.24268665e-01 1.30054314e-02 
2.24380854e-01 1.30052317e-02 
2.24493100e-01 1.30050321e-02 
2.24605401e-01 1.30048325e-02 
2.24717759e-01 1.30046329e-02 
2.24830173e-01 1.30044334e-02 
2.24942643e-01 1.30042340e-02 
2.25055169e-01 1.30040346e-02 
2.25167752e-01 1.30038352e-02 
2.25280391e-01 1.30036359e-02 
2.25393086e-01 1.30034366e-02 
2.25505838e-01 1.30032373e-02 
2.25618646e-01 1.30030381e-02 
2.25731510e-01 1.30028390e-02 
2.25844431e-01 1.30026398e-02 
2.25957409e-01 1.30024407e-02 
2.26070443e-01 1.30022417e-02 
2.26183533e-01 1.30020427e-02 
2.26296680e-01 1.30018437e-02 
2.26409884e-01 1.30016448e-02 
2.26523144e-01 1.30014459e-02 
2.26636461e-01 1.30012471e-02 
2.26749835e-01 1.30010483e-02 
2.26863265e-01 1.30008496e-02 
2.26976752e-01 1.30006508e-02 
2.27090296e-01 1.30004522e-02 
2.27203897e-01 1.30002535e-02 
2.27317554e-01 1.30000549e-02 
2.27431269e-01 1.29998564e-02 
2.27545040e-01 1.29996579e-02 
2.27658868e-01 1.29994594e-02 
2.27772753e-01 1.29992610e-02 
2.27886695e-01 1.29990626e-02 
2.28000695e-01 1.29988642e-02 
2.28114751e-01 1.29986659e-02 
2.28228864e-01 1.29984676e-02 
2.28343034e-01 1.29982694e-02 
2.28457261e-01 1.29980712e-02 
2.28571546e-01 1.29978731e-02 
2.28685888e-01 1.29976750e-02 
2.28800287e-01 1.29974769e-02 
2.28914743e-01 1.29972789e-02 
2.29029256e-01 1.29970809e-02 
2.29143827e-01 1.29968829e-02 
2.29258455e-01 1.29966850e-02 
2.29373140e-01 1.29964871e-02 
2.29487883e-01 1.29962893e-02 
2.29602683e-01 1.29960915e-02 
2.29717540e-01 1.29958938e-02 
2.29832455e-01 1.29956960e-02 
2.29947427e-01 1.29954984e-02 
2.30062457e-01 1.29953007e-02 
2.30177545e-01 1.29951031e-02 
2.30292690e-01 1.29949056e-02 
2.30407893e-01 1.29947081e-02 
2.30523153e-01 1.29945106e-02 
2.30638471e-01 1.29943131e-02 
2.30753847e-01 1.29941157e-02 
2.30869280e-01 1.29939184e-02 
2.30984771e-01 1.29937211e-02 
2.31100320e-01 1.29935238e-02 
2.31215927e-01 1.29933265e-02 
2.31331591e-01 1.29931293e-02 
2.31447314e-01 1.29929322e-02 
2.31563094e-01 1.29927350e-02 
2.31678932e-01 1.29925379e-02 
2.31794828e-01 1.29923409e-02 
2.31910782e-01 1.29921439e-02 
2.32026794e-01 1.29919469e-02 
2.32142864e-01 1.29917500e-02 
2.32258993e-01 1.29915531e-02 
2.32375179e-01 1.29913562e-02 
2.32491423e-01 1.29911594e-02 
2.32607726e-01 1.29909626e-02 
2.32724087e-01 1.29907659e-02 
2.32840506e-01 1.29905692e-02 
2.32956983e-01 1.29903725e-02 
2.33073518e-01 1.29901759e-02 
2.33190112e-01 1.29899793e-02 
2.33306764e-01 1.29897827e-02 
2.33423475e-01 1.29895862e-02 
2.33540243e-01 1.29893897e-02 
2.33657071e-01 1.29891933e-02 
2.33773956e-01 1.29889969e-02 
2.33890901e-01 1.29888005e-02 
2.34007903e-01 1.29886042e-02 
2.34124964e-01 1.29884079e-02 
2.34242084e-01 1.29882116e-02 
2.34359262e-01 1.29880154e-02 
2.34476499e-01 1.29878193e-02 
2.34593795e-01 1.29876231e-02 
2.34711149e-01 1.29874270e-02 
2.34828562e-01 1.29872309e-02 
2.34946034e-01 1.29870349e-02 
2.35063564e-01 1.29868389e-02 
2.35181154e-01 1.29866430e-02 
2.35298802e-01 1.29864471e-02 
2.35416509e-01 1.29862512e-02 
2.35534275e-01 1.29860553e-02 
2.35652099e-01 1.29858595e-02 
2.35769983e-01 1.29856638e-02 
2.35887926e-01 1.29854680e-02 
2.36005927e-01 1.29852723e-02 
2.36123988e-01 1.29850767e-02 
2.36242108e-01 1.29848811e-02 
2.36360287e-01 1.29846855e-02 
2.36478525e-01 1.29844899e-02 
2.36596822e-01 1.29842944e-02 
2.36715178e-01 1.29840989e-02 
2.36833593e-01 1.29839035e-02 
2.36952068e-01 1.29837081e-02 
2.37070602e-01 1.29835127e-02 
2.37189195e-01 1.29833174e-02 
2.37307848e-01 1.29831221e-02 
2.37426560e-01 1.29829269e-02 
2.37545331e-01 1.29827316e-02 
2.37664162e-01 1.29825365e-02 
2.37783052e-01 1.29823413e-02 
2.37902002e-01 1.29821462e-02 
2.38021011e-01 1.29819511e-02 
2.38140080e-01 1.29817561e-02 
2.38259208e-01 1.29815611e-02 
2.38378396e-01 1.29813661e-02 
2.38497644e-01 1.29811712e-02 
2.38616951e-01 1.29809763e-02 
2.38736318e-01 1.29807814e-02 
2.38855744e-01 1.29805866e-02 
2.38975230e-01 1.29803918e-02 
2.39094776e-01 1.29801971e-02 
2.39214382e-01 1.29800024e-02 
2.39334048e-01 1.29798077e-02 
2.39453774e-01 1.29796130e-02 
2.39573559e-01 1.29794184e-02 
2.39693404e-01 1.29792239e-02 
2.39813310e-01 1.29790293e-02 
2.39933275e-01 1.29788348e-02 
2.40053300e-01 1.29786404e-02 
2.40173386e-01 1.29784459e-02 
2.40293531e-01 1.29782515e-02 
2.40413737e-01 1.29780572e-02 
2.40534002e-01 1.29778628e-02 
2.40654328e-01 1.29776685e-02 
2.40774714e-01 1.29774743e-02 
2.40895160e-01 1.29772801e-02 
2.41015667e-01 1.29770859e-02 
2.41136234e-01 1.29768917e-02 
2.41256861e-01 1.29766976e-02 
2.41377548e-01 1.29765035e-02 
2.41498296e-01 1.29763095e-02 
2.41619104e-01 1.29761155e-02 
2.41739973e-01 1.29759215e-02 
2.41860902e-01 1.29757275e-02 
2.41981892e-01 1.29755336e-02 
2.42102942e-01 1.29753398e-02 
2.42224052e-01 1.29751459e-02 
2.42345224e-01 1.29749521e-02 
2.42466456e-01 1.29747584e-02 
2.42587748e-01 1.29745646e-02 
2.42709101e-01 1.29743709e-02 
2.42830515e-01 1.29741773e-02 
2.42951990e-01 1.29739836e-02 
2.43073525e-01 1.29737900e-02 
2.43195122e-01 1.29735965e-02 
2.43316779e-01 1.29734029e-02 
2.43438497e-01 1.29732094e-02 
2.43560275e-01 1.29730160e-02 
2.43682115e-01 1.29728225e-02 
2.43804016e-01 1.29726292e-02 
2.43925977e-01 1.29724358e-02 
2.44048000e-01 1.29722425e-02 
2.44170084e-01 1.29720492e-02 
2.44292228e-01 1.29718559e-02 
2.44414434e-01 1.29716627e-02 
2.44536701e-01 1.29714695e-02 
2.44659029e-01 1.29712764e-02 
2.44781419e-01 1.29710832e-02 
2.44903869e-01 1.29708901e-02 
2.45026381e-01 1.29706971e-02 
2.45148954e-01 1.29705041e-02 
2.45271589e-01 1.29703111e-02 
2.45394285e-01 1.29701181e-02 
2.45517042e-01 1.29699252e-02 
2.45639860e-01 1.29697323e-02 
2.45762740e-01 1.29695395e-02 
2.45885682e-01 1.29693466e-02 
2.46008685e-01 1.29691538e-02 
2.46131749e-01 1.29689611e-02 
2.46254875e-01 1.29687684e-02 
2.46378063e-01 1.29685757e-02 
2.46501312e-01 1.29683830e-02 
2.46624623e-01 1.29681904e-02 
2.46747996e-01 1.29679978e-02 
2.46871430e-01 1.29678053e-02 
2.46994926e-01 1.29676127e-02 
2.47118484e-01 1.29674203e-02 
2.47242104e-01 1.29672278e-02 
2.47365785e-01 1.29670354e-02 
2.47489529e-01 1.29668430e-02 
2.47613334e-01 1.29666506e-02 
2.47737201e-01 1.29664583e-02 
2.47861130e-01 1.29662660e-02 
2.47985122e-01 1.29660737e-02 
2.48109175e-01 1.29658815e-02 
2.48233290e-01 1.29656893e-02 
2.48357467e-01 1.29654972e-02 
2.48481707e-01 1.29653050e-02 
2.48606009e-01 1.29651129e-02 
2.48730372e-01 1.29649209e-02 
2.48854798e-01 1.29647288e-02 
2.48979287e-01 1.29645368e-02 
2.49103837e-01 1.29643449e-02 
2.49228450e-01 1.29641529e-02 
2.49353125e-01 1.29639610e-02 
2.49477863e-01 1.29637691e-02 
2.49602663e-01 1.29635773e-02 
2.49727525e-01 1.29633855e-02 
2.49852450e-01 1.29631937e-02 
2.49977437e-01 1.29630020e-02 
2.50102487e-01 1.29628103e-02 
2.50227600e-01 1.29626186e-02 
2.50352775e-01 1.29624269e-02 
2.50478012e-01 1.29622353e-02 
2.50603312e-01 1.29620437e-02 
2.50728675e-01 1.29618522e-02 
2.50854101e-01 1.29616607e-02 
2.50979589e-01 1.29614692e-02 
2.51105141e-01 1.29612777e-02 
2.51230755e-01 1.29610863e-02 
2.51356431e-01 1.29608949e-02 
2.51482171e-01 1.29607035e-02 
2.51607974e-01 1.29605122e-02 
2.51733839e-01 1.29603209e-02 
2.51859768e-01 1.29601296e-02 
2.51985759e-01 1.29599384e-02 
2.52111814e-01 1.29597472e-02 
2.52237931e-01 1.29595560e-02 
2.52364112e-01 1.29593649e-02 
2.52490356e-01 1.29591738e-02 
2.52616663e-01 1.29589827e-02 
2.52743033e-01 1.29587917e-02 
2.52869466e-01 1.29586006e-02 
2.52995963e-01 1.29584097e-02 
2.53122523e-01 1.29582187e-02 
2.53249146e-01 1.29580278e-02 
2.53375832e-01 1.29578369e-02 
2.53502582e-01 1.29576460e-02 
2.53629395e-01 1.29574552e-02 
2.53756272e-01 1.29572644e-02 
2.53883212e-01 1.29570736e-02 
2.54010216e-01 1.29568829e-02 
2.54137283e-01 1.29566922e-02 
2.54264414e-01 1.29565015e-02 
2.54391608e-01 1.29563109e-02 
2.54518867e-01 1.29561202e-02 
2.54646188e-01 1.29559297e-02 
2.54773574e-01 1.29557391e-02 
2.54901023e-01 1.29555486e-02 
2.55028536e-01 1.29553581e-02 
2.55156112e-01 1.29551676e-02 
2.55283753e-01 1.29549772e-02 
2.55411457e-01 1.29547868e-02 
2.55539225e-01 1.29545964e-02 
2.55667057e-01 1.29544061e-02 
2.55794953e-01 1.29542158e-02 
2.55922913e-01 1.29540255e-02 
2.56050937e-01 1.29538352e-02 
2.56179025e-01 1.29536450e-02 
2.56307178e-01 1.29534548e-02 
2.56435394e-01 1.29532647e-02 
2.56563674e-01 1.29530745e-02 
2.56692019e-01 1.29528844e-02 
2.56820428e-01 1.29526944e-02 
2.56948901e-01 1.29525043e-02 
2.57077438e-01 1.29523143e-02 
2.57206040e-01 1.29521243e-02 
2.57334706e-01 1.29519344e-02 
2.57463436e-01 1.29517445e-02 
2.57592231e-01 1.29515546e-02 
2.57721090e-01 1.29513647e-02 
2.57850013e-01 1.29511749e-02 
2.57979001e-01 1.29509851e-02 
2.58108054e-01 1.29507953e-02 
2.58237171e-01 1.29506056e-02 
2.58366353e-01 1.29504159e-02 
2.58495599e-01 1.29502262e-02 
2.58624910e-01 1.29500365e-02 
2.58754286e-01 1.29498469e-02 
2.58883726e-01 1.29496573e-02 
2.59013232e-01 1.29494678e-02 
2.59142801e-01 1.29492782e-02 
2.59272436e-01 1.29490887e-02 
2.59402136e-01 1.29488993e-02 
2.59531900e-01 1.29487098e-02 
2.59661730e-01 1.29485204e-02 
2.59791624e-01 1.29483310e-02 
2.59921584e-01 1.29481416e-02 
2.60051608e-01 1.29479523e-02 
2.60181697e-01 1.29477630e-02 
2.60311852e-01 1.29475737e-02 
2.60442071e-01 1.29473845e-02 
2.60572356e-01 1.29471953e-02 
2.60702706e-01 1.29470061e-02 
2.60833121e-01 1.29468170e-02 
2.60963602e-01 1.29466278e-02 
2.61094147e-01 1.29464387e-02 
2.61224758e-01 1.29462497e-02 
2.61355434e-01 1.29460606e-02 
2.61486176e-01 1.29458716e-02 
2.61616983e-01 1.29456826e-02 
2.61747856e-01 1.29454937e-02 
2.61878793e-01 1.29453048e-02 
2.62009797e-01 1.29451159e-02 
2.62140866e-01 1.29449270e-02 
2.62272000e-01 1.29447382e-02 
2.62403201e-01 1.29445494e-02 
2.62534466e-01 1.29443606e-02 
2.62665798e-01 1.29441718e-02 
2.62797195e-01 1.29439831e-02 
2.62928658e-01 1.29437944e-02 
2.63060186e-01 1.29436057e-02 
2.63191781e-01 1.29434171e-02 
2.63323441e-01 1.29432285e-02 
2.63455167e-01 1.29430399e-02 
2.63586959e-01 1.29428514e-02 
2.63718817e-01 1.29426628e-02 
2.63850741e-01 1.29424743e-02 
2.63982731e-01 1.29422859e-02 
2.64114787e-01 1.29420974e-02 
2.64246909e-01 1.29419090e-02 
2.64379097e-01 1.29417206e-02 
2.64511351e-01 1.29415323e-02 
2.64643672e-01 1.29413439e-02 
2.64776058e-01 1.29411556e-02 
2.64908511e-01 1.29409674e-02 
2.65041030e-01 1.29407791e-02 
2.65173615e-01 1.29405909e-02 
2.65306267e-01 1.29404027e-02 
2.65438985e-01 1.29402146e-02 
2.65571769e-01 1.29400264e-02 
2.65704620e-01 1.29398383e-02 
2.65837538e-01 1.29396502e-02 
2.65970521e-01 1.29394622e-02 
2.66103572e-01 1.29392742e-02 
2.66236689e-01 1.29390862e-02 
2.66369872e-01 1.29388982e-02 
2.66503122e-01 1.29387103e-02 
2.66636439e-01 1.29385224e-02 
2.66769822e-01 1.29383345e-02 
2.66903272e-01 1.29381466e-02 
2.67036789e-01 1.29379588e-02 
2.67170373e-01 1.29377710e-02 
2.67304024e-01 1.29375832e-02 
2.67437741e-01 1.29373955e-02 
2.67571525e-01 1.29372078e-02 
2.67705376e-01 1.29370201e-02 
2.67839295e-01 1.29368324e-02 
2.67973280e-01 1.29366448e-02 
2.68107332e-01 1.29364572e-02 
2.68241451e-01 1.29362696e-02 
2.68375638e-01 1.29360820e-02 
2.68509891e-01 1.29358945e-02 
2.68644212e-01 1.29357070e-02 
2.68778599e-01 1.29355195e-02 
2.68913054e-01 1.29353321e-02 
2.69047577e-01 1.29351446e-02 
2.69182166e-01 1.29349572e-02 
2.69316823e-01 1.29347699e-02 
2.69451548e-01 1.29345825e-02 
2.69586339e-01 1.29343952e-02 
2.69721198e-01 1.29342079e-02 
2.69856125e-01 1.29340207e-02 
2.69991119e-01 1.29338334e-02 
2.70126181e-01 1.29336462e-02 
2.70261310e-01 1.29334591e-02 
2.70396506e-01 1.29332719e-02 
2.70531771e-01 1.29330848e-02 
2.70667103e-01 1.29328977e-02 
2.70802503e-01 1.29327106e-02 
2.70937970e-01 1.29325236e-02 
2.71073505e-01 1.29323366e-02 
2.71209108e-01 1.29321496e-02 
2.71344779e-01 1.29319626e-02 
2.71480518e-01 1.29317757e-02 
2.71616325e-01 1.29315887e-02 
2.71752199e-01 1.29314019e-02 
2.71888142e-01 1.29312150e-02 
2.72024152e-01 1.29310282e-02 
2.72160231e-01 1.29308414e-02 
2.72296378e-01 1.29306546e-02 
2.72432593e-01 1.29304678e-02 
2.72568875e-01 1.29302811e-02 
2.72705227e-01 1.29300944e-02 
2.72841646e-01 1.29299077e-02 
2.72978133e-01 1.29297211e-02 
2.73114689e-01 1.29295344e-02 
2.73251313e-01 1.29293478e-02 
2.73388006e-01 1.29291613e-02 
2.73524767e-01 1.29289747e-02 
2.73661596e-01 1.29287882e-02 
2.73798494e-01 1.29286017e-02 
2.73935460e-01 1.29284152e-02 
2.74072495e-01 1.29282288e-02 
2.74209598e-01 1.29280424e-02 
2.74346770e-01 1.29278560e-02 
2.74484010e-01 1.29276696e-02 
2.74621320e-01 1.29274833e-02 
2.74758697e-01 1.29272970e-02 
2.74896144e-01 1.29271107e-02 
2.75033659e-01 1.29269244e-02 
2.75171243e-01 1.29267382e-02 
2.75308896e-01 1.29265521e-02 
2.75446618e-01 1.29263659e-02 
2.75584409e-01 1.29261797e-02 
2.75722268e-01 1.29259935e-02 
2.75860197e-01 1.29258073e-02 
2.75998194e-01 1.29256212e-02 
2.76136261e-01 1.29254351e-02 
2.76274397e-01 1.29252490e-02 
2.76412601e-01 1.29250629e-02 
2.76550875e-01 1.29248769e-02 
2.76689218e-01 1.29246909e-02 
2.76827631e-01 1.29245049e-02 
2.76966112e-01 1.29243190e-02 
2.77104663e-01 1.29241331e-02 
2.77243283e-01 1.29239471e-02 
2.77381973e-01 1.29237613e-02 
2.77520731e-01 1.29235754e-02 
2.77659560e-01 1.29233896e-02 
2.77798457e-01 1.29232038e-02 
2.77937425e-01 1.29230180e-02 
2.78076461e-01 1.29228323e-02 
2.78215567e-01 1.29226465e-02 
2.78354743e-01 1.29224608e-02 
2.78493989e-01 1.29222752e-02 
2.78633304e-01 1.29220895e-02 
2.78772689e-01 1.29219039e-02 
2.78912143e-01 1.29217183e-02 
2.79051667e-01 1.29215327e-02 
2.79191262e-01 1.29213472e-02 
2.79330925e-01 1.29211616e-02 
2.79470659e-01 1.29209761e-02 
2.79610463e-01 1.29207907e-02 
2.79750337e-01 1.29206052e-02 
2.79890280e-01 1.29204198e-02 
2.80030294e-01 1.29202344e-02 
2.80170377e-01 1.29200490e-02 
2.80310531e-01 1.29198636e-02 
2.80450755e-01 1.29196783e-02 
2.80591049e-01 1.29194930e-02 
2.80731413e-01 1.29193077e-02 
2.80871847e-01 1.29191225e-02 
2.81012352e-01 1.29189372e-02 
2.81152927e-01 1.29187520e-02 
2.81293572e-01 1.29185669e-02 
2.81434288e-01 1.29183817e-02 
2.81575074e-01 1.29181966e-02 
2.81715930e-01 1.29180115e-02 
2.81856857e-01 1.29178264e-02 
2.81997854e-01 1.29176413e-02 
2.82138922e-01 1.29174563e-02 
2.82280061e-01 1.29172713e-02 
2.82421270e-01 1.29170863e-02 
2.82562549e-01 1.29169013e-02 
2.82703900e-01 1.29167164e-02 
2.82845321e-01 1.29165315e-02 
2.82986813e-01 1.29163466e-02 
2.83128375e-01 1.29161617e-02 
2.83270009e-01 1.29159769e-02 
2.83411713e-01 1.29157921e-02 
2.83553488e-01 1.29156073e-02 
2.83695334e-01 1.29154225e-02 
2.83837251e-01 1.29152378e-02 
2.83979240e-01 1.29150530e-02 
2.84121299e-01 1.29148683e-02 
2.84263429e-01 1.29146837e-02 
2.84405630e-01 1.29144990e-02 
2.84547902e-01 1.29143144e-02 
2.84690246e-01 1.29141298e-02 
2.84832661e-01 1.29139452e-02 
2.84975147e-01 1.29137607e-02 
2.85117704e-01 1.29135761e-02 
2.85260332e-01 1.29133916e-02 
2.85403032e-01 1.29132071e-02 
2.85545804e-01 1.29130227e-02 
2.85688646e-01 1.29128383e-02 
2.85831561e-01 1.29126538e-02 
2.85974546e-01 1.29124695e-02 
2.86117604e-01 1.29122851e-02 
2.86260732e-01 1.29121008e-02 
2.86403933e-01 1.29119164e-02 
2.86547205e-01 1.29117321e-02 
2.86690548e-01 1.29115479e-02 
2.86833964e-01 1.29113636e-02 
2.86977451e-01 1.29111794e-02 
2.87121010e-01 1.29109952e-02 
2.87264641e-01 1.29108110e-02 
2.87408343e-01 1.29106269e-02 
2.87552118e-01 1.29104427e-02 
2.87695964e-01 1.29102586e-02 
2.87839882e-01 1.29100746e-02 
2.87983873e-01 1.29098905e-02 
2.88127935e-01 1.29097065e-02 
2.88272070e-01 1.29095225e-02 
2.88416276e-01 1.29093385e-02 
2.88560555e-01 1.29091545e-02 
2.88704906e-01 1.29089706e-02 
2.88849329e-01 1.29087866e-02 
2.88993824e-01 1.29086027e-02 
2.89138392e-01 1.29084189e-02 
2.89283031e-01 1.29082350e-02 
2.89427744e-01 1.29080512e-02 
2.89572528e-01 1.29078674e-02 
2.89717386e-01 1.29076836e-02 
2.89862315e-01 1.29074998e-02 
2.90007317e-01 1.29073161e-02 
2.90152392e-01 1.29071324e-02 
2.90297539e-01 1.29069487e-02 
2.90442759e-01 1.29067650e-02 
2.90588051e-01 1.29065814e-02 
2.90733416e-01 1.29063978e-02 
2.90878854e-01 1.29062142e-02 
2.91024365e-01 1.29060306e-02 
2.91169948e-01 1.29058470e-02 
2.91315604e-01 1.29056635e-02 
2.91461333e-01 1.29054800e-02 
2.91607135e-01 1.29052965e-02 
2.91753010e-01 1.29051131e-02 
2.91898958e-01 1.29049296e-02 
2.92044979e-01 1.29047462e-02 
2.92191073e-01 1.29045628e-02 
2.92337240e-01 1.29043794e-02 
2.92483480e-01 1.29041961e-02 
2.92629793e-01 1.29040128e-02 
2.92776179e-01 1.29038295e-02 
2.92922639e-01 1.29036462e-02 
2.93069172e-01 1.29034629e-02 
2.93215778e-01 1.29032797e-02 
2.93362458e-01 1.29030965e-02 
2.93509211e-01 1.29029133e-02 
2.93656037e-01 1.29027301e-02 
2.93802937e-01 1.29025469e-02 
2.93949911e-01 1.29023638e-02 
2.94096957e-01 1.29021807e-02 
2.94244078e-01 1.29019976e-02 
2.94391272e-01 1.29018146e-02 
2.94538539e-01 1.29016315e-02 
2.94685881e-01 1.29014485e-02 
2.94833296e-01 1.29012655e-02 
2.94980785e-01 1.29010826e-02 
2.95128347e-01 1.29008996e-02 
2.95275983e-01 1.29007167e-02 
2.95423694e-01 1.29005338e-02 
2.95571478e-01 1.29003509e-02 
2.95719336e-01 1.29001680e-02 
2.95867268e-01 1.28999852e-02 
2.96015274e-01 1.28998024e-02 
2.96163354e-01 1.28996196e-02 
2.96311508e-01 1.28994368e-02 
2.96459736e-01 1.28992541e-02 
2.96608039e-01 1.28990713e-02 
2.96756415e-01 1.28988886e-02 
2.96904866e-01 1.28987060e-02 
2.97053391e-01 1.28985233e-02 
2.97201990e-01 1.28983406e-02 
2.97350664e-01 1.28981580e-02 
2.97499412e-01 1.28979754e-02 
2.97648234e-01 1.28977929e-02 
2.97797131e-01 1.28976103e-02 
2.97946103e-01 1.28974278e-02 
2.98095149e-01 1.28972453e-02 
2.98244269e-01 1.28970628e-02 
2.98393464e-01 1.28968803e-02 
2.98542734e-01 1.28966979e-02 
2.98692078e-01 1.28965154e-02 
2.98841497e-01 1.28963330e-02 
2.98990991e-01 1.28961506e-02 
2.99140560e-01 1.28959683e-02 
2.99290203e-01 1.28957859e-02 
2.99439922e-01 1.28956036e-02 
2.99589715e-01 1.28954213e-02 
2.99739583e-01 1.28952391e-02 
2.99889526e-01 1.28950568e-02 
3.00039544e-01 1.28948746e-02 
3.00189637e-01 1.28946924e-02 
3.00339806e-01 1.28945102e-02 
3.00490049e-01 1.28943280e-02 
3.00640367e-01 1.28941459e-02 
3.00790761e-01 1.28939637e-02 
3.00941230e-01 1.28937816e-02 
3.01091774e-01 1.28935995e-02 
3.01242394e-01 1.28934175e-02 
3.01393089e-01 1.28932354e-02 
3.01543859e-01 1.28930534e-02 
3.01694705e-01 1.28928714e-02 
3.01845626e-01 1.28926895e-02 
3.01996622e-01 1.28925075e-02 
3.02147695e-01 1.28923256e-02 
3.02298842e-01 1.28921436e-02 
3.02450066e-01 1.28919618e-02 
3.02601365e-01 1.28917799e-02 
3.02752739e-01 1.28915980e-02 
3.02904190e-01 1.28914162e-02 
3.03055716e-01 1.28912344e-02 
3.03207318e-01 1.28910526e-02 
3.03358996e-01 1.28908708e-02 
3.03510750e-01 1.28906891e-02 
3.03662579e-01 1.28905074e-02 
3.03814485e-01 1.28903257e-02 
3.03966466e-01 1.28901440e-02 
3.04118524e-01 1.28899623e-02 
3.04270657e-01 1.28897807e-02 
3.04422867e-01 1.28895990e-02 
3.04575153e-01 1.28894174e-02 
3.04727515e-01 1.28892359e-02 
3.04879953e-01 1.28890543e-02 
3.05032468e-01 1.28888728e-02 
3.05185059e-01 1.28886912e-02 
3.05337726e-01 1.28885097e-02 
3.05490470e-01 1.28883283e-02 
3.05643290e-01 1.28881468e-02 
3.05796186e-01 1.28879654e-02 
3.05949159e-01 1.28877840e-02 
3.06102208e-01 1.28876026e-02 
3.06255334e-01 1.28874212e-02 
3.06408537e-01 1.28872398e-02 
3.06561816e-01 1.28870585e-02 
3.06715172e-01 1.28868772e-02 
3.06868604e-01 1.28866959e-02 
3.07022114e-01 1.28865146e-02 
3.07175700e-01 1.28863334e-02 
3.07329363e-01 1.28861521e-02 
3.07483103e-01 1.28859709e-02 
3.07636920e-01 1.28857897e-02 
3.07790813e-01 1.28856086e-02 
3.07944784e-01 1.28854274e-02 
3.08098832e-01 1.28852463e-02 
3.08252956e-01 1.28850652e-02 
3.08407158e-01 1.28848841e-02 
3.08561437e-01 1.28847030e-02 
3.08715793e-01 1.28845220e-02 
3.08870227e-01 1.28843409e-02 
3.09024738e-01 1.28841599e-02 
3.09179325e-01 1.28839789e-02 
3.09333991e-01 1.28837980e-02 
3.09488733e-01 1.28836170e-02 
3.09643553e-01 1.28834361e-02 
3.09798451e-01 1.28832552e-02 
3.09953426e-01 1.28830743e-02 
3.10108479e-01 1.28828934e-02 
3.10263609e-01 1.28827126e-02 
3.10418816e-01 1.28825317e-02 
3.10574102e-01 1.28823509e-02 
3.10729465e-01 1.28821701e-02 
3.10884905e-01 1.28819893e-02 
3.11040424e-01 1.28818086e-02 
3.11196020e-01 1.28816279e-02 
3.11351694e-01 1.28814472e-02 
3.11507446e-01 1.28812665e-02 
3.11663276e-01 1.28810858e-02 
3.11819184e-01 1.28809051e-02 
3.11975170e-01 1.28807245e-02 
3.12131234e-01 1.28805439e-02 
3.12287376e-01 1.28803633e-02 
3.12443596e-01 1.28801827e-02 
3.12599894e-01 1.28800022e-02 
3.12756270e-01 1.28798216e-02 
3.12912725e-01 1.28796411e-02 
3.13069258e-01 1.28794606e-02 
3.13225869e-01 1.28792802e-02 
3.13382559e-01 1.28790997e-02 
3.13539327e-01 1.28789193e-02 
3.13696173e-01 1.28787388e-02 
3.13853098e-01 1.28785584e-02 
3.14010101e-01 1.28783781e-02 
3.14167183e-01 1.28781977e-02 
3.14324343e-01 1.28780174e-02 
3.14481582e-01 1.28778371e-02 
3.14638900e-01 1.28776568e-02 
3.14796297e-01 1.28774765e-02 
3.14953772e-01 1.28772962e-02 
3.15111326e-01 1.28771160e-02 
3.15268958e-01 1.28769357e-02 
3.15426670e-01 1.28767555e-02 
3.15584460e-01 1.28765754e-02 
3.15742330e-01 1.28763952e-02 
3.15900278e-01 1.28762150e-02 
3.16058306e-01 1.28760349e-02 
3.16216412e-01 1.28758548e-02 
3.16374598e-01 1.28756747e-02 
3.16532862e-01 1.28754946e-02 
3.16691206e-01 1.28753146e-02 
3.16849629e-01 1.28751346e-02 
3.17008131e-01 1.28749546e-02 
3.17166713e-01 1.28747746e-02 
3.17325374e-01 1.28745946e-02 
3.17484114e-01 1.28744146e-02 
3.17642934e-01 1.28742347e-02 
3.17801833e-01 1.28740548e-02 
3.17960812e-01 1.28738749e-02 
3.18119870e-01 1.28736950e-02 
3.18279008e-01 1.28735151e-02 
3.18438225e-01 1.28733353e-02 
3.18597522e-01 1.28731555e-02 
3.18756899e-01 1.28729757e-02 
3.18916355e-01 1.28727959e-02 
3.19075891e-01 1.28726161e-02 
3.19235507e-01 1.28724364e-02 
3.19395203e-01 1.28722566e-02 
3.19554979e-01 1.28720769e-02 
3.19714835e-01 1.28718972e-02 
3.19874770e-01 1.28717176e-02 
3.20034786e-01 1.28715379e-02 
3.20194881e-01 1.28713583e-02 
3.20355057e-01 1.28711787e-02 
3.20515313e-01 1.28709991e-02 
3.20675649e-01 1.28708195e-02 
3.20836065e-01 1.28706399e-02 
3.20996562e-01 1.28704604e-02 
3.21157139e-01 1.28702809e-02 
3.21317796e-01 1.28701014e-02 
3.21478533e-01 1.28699219e-02 
3.21639351e-01 1.28697424e-02 
3.21800249e-01 1.28695630e-02 
3.21961228e-01 1.28693835e-02 
3.22122288e-01 1.28692041e-02 
3.22283428e-01 1.28690247e-02 
3.22444648e-01 1.28688454e-02 
3.22605949e-01 1.28686660e-02 
3.22767331e-01 1.28684867e-02 
3.22928794e-01 1.28683073e-02 
3.23090337e-01 1.28681280e-02 
3.23251961e-01 1.28679488e-02 
3.23413666e-01 1.28677695e-02 
3.23575452e-01 1.28675903e-02 
3.23737319e-01 1.28674110e-02 
3.23899267e-01 1.28672318e-02 
3.24061296e-01 1.28670526e-02 
3.24223406e-01 1.28668734e-02 
3.24385597e-01 1.28666943e-02 
3.24547869e-01 1.28665152e-02 
3.24710222e-01 1.28663360e-02 
3.24872657e-01 1.28661569e-02 
3.25035173e-01 1.28659779e-02 
3.25197770e-01 1.28657988e-02 
3.25360448e-01 1.28656197e-02 
3.25523208e-01 1.28654407e-02 
3.25686049e-01 1.28652617e-02 
3.25848972e-01 1.28650827e-02 
3.26011976e-01 1.28649037e-02 
3.26175062e-01 1.28647248e-02 
3.26338229e-01 1.28645459e-02 
3.26501478e-01 1.28643669e-02 
3.26664809e-01 1.28641880e-02 
3.26828221e-01 1.28640091e-02 
3.26991715e-01 1.28638303e-02 
3.27155291e-01 1.28636514e-02 
3.27318948e-01 1.28634726e-02 
3.27482688e-01 1.28632938e-02 
3.27646509e-01 1.28631150e-02 
3.27810413e-01 1.28629362e-02 
3.27974398e-01 1.28627575e-02 
3.28138466e-01 1.28625787e-02 
3.28302615e-01 1.28624000e-02 
3.28466847e-01 1.28622213e-02 
3.28631160e-01 1.28620426e-02 
3.28795556e-01 1.28618639e-02 
3.28960035e-01 1.28616853e-02 
3.29124595e-01 1.28615067e-02 
3.29289238e-01 1.28613280e-02 
3.29453963e-01 1.28611494e-02 
3.29618771e-01 1.28609709e-02 
3.29783661e-01 1.28607923e-02 
3.29948633e-01 1.28606138e-02 
3.30113688e-01 1.28604352e-02 
3.30278826e-01 1.28602567e-02 
3.30444046e-01 1.28600782e-02 
3.30609349e-01 1.28598997e-02 
3.30774734e-01 1.28597213e-02 
3.30940202e-01 1.28595429e-02 
3.31105753e-01 1.28593644e-02 
3.31271387e-01 1.28591860e-02 
3.31437104e-01 1.28590076e-02 
3.31602904e-01 1.28588293e-02 
3.31768786e-01 1.28586509e-02 
3.31934752e-01 1.28584726e-02 
3.32100800e-01 1.28582943e-02 
3.32266932e-01 1.28581160e-02 
3.32433147e-01 1.28579377e-02 
3.32599445e-01 1.28577594e-02 
3.32765826e-01 1.28575812e-02 
3.32932290e-01 1.28574029e-02 
3.33098838e-01 1.28572247e-02 
3.33265468e-01 1.28570465e-02 
3.33432183e-01 1.28568683e-02 
3.33598980e-01 1.28566902e-02 
3.33765861e-01 1.28565120e-02 
3.33932826e-01 1.28563339e-02 
3.34099874e-01 1.28561558e-02 
3.34267006e-01 1.28559777e-02 
3.34434221e-01 1.28557996e-02 
3.34601520e-01 1.28556216e-02 
3.34768902e-01 1.28554435e-02 
3.34936369e-01 1.28552655e-02 
3.35103919e-01 1.28550875e-02 
3.35271553e-01 1.28549095e-02 
3.35439271e-01 1.28547315e-02 
3.35607072e-01 1.28545536e-02 
3.35774958e-01 1.28543756e-02 
3.35942927e-01 1.28541977e-02 
3.36110981e-01 1.28540198e-02 
3.36279119e-01 1.28538419e-02 
3.36447341e-01 1.28536641e-02 
3.36615647e-01 1.28534862e-02 
3.36784037e-01 1.28533084e-02 
3.36952511e-01 1.28531305e-02 
3.37121070e-01 1.28529527e-02 
3.37289713e-01 1.28527750e-02 
3.37458440e-01 1.28525972e-02 
3.37627252e-01 1.28524194e-02 
3.37796148e-01 1.28522417e-02 
3.37965129e-01 1.28520640e-02 
3.38134194e-01 1.28518863e-02 
3.38303344e-01 1.28517086e-02 
3.38472578e-01 1.28515309e-02 
3.38641897e-01 1.28513533e-02 
3.38811301e-01 1.28511756e-02 
3.38980790e-01 1.28509980e-02 
3.39150363e-01 1.28508204e-02 
3.39320021e-01 1.28506428e-02 
3.39489764e-01 1.28504653e-02 
3.39659592e-01 1.28502877e-02 
3.39829505e-01 1.28501102e-02 
3.39999503e-01 1.28499327e-02 
3.40169586e-01 1.28497552e-02 
3.40339754e-01 1.28495777e-02 
3.40510007e-01 1.28494002e-02 
3.40680345e-01 1.28492228e-02 
3.40850768e-01 1.28490453e-02 
3.41021277e-01 1.28488679e-02 
3.41191871e-01 1.28486905e-02 
3.41362551e-01 1.28485131e-02 
3.41533315e-01 1.28483357e-02 
3.41704166e-01 1.28481584e-02 
3.41875101e-01 1.28479811e-02 
3.42046122e-01 1.28478037e-02 
3.42217229e-01 1.28476264e-02 
3.42388421e-01 1.28474491e-02 
3.42559699e-01 1.28472719e-02 
3.42731063e-01 1.28470946e-02 
3.42902512e-01 1.28469174e-02 
3.43074047e-01 1.28467402e-02 
3.43245668e-01 1.28465630e-02 
3.43417375e-01 1.28463858e-02 
3.43589168e-01 1.28462086e-02 
3.43761046e-01 1.28460314e-02 
3.43933011e-01 1.28458543e-02 
3.44105062e-01 1.28456772e-02 
3.44277198e-01 1.28455001e-02 
3.44449421e-01 1.28453230e-02 
3.44621730e-01 1.28451459e-02 
3.44794125e-01 1.28449688e-02 
3.44966607e-01 1.28447918e-02 
3.45139174e-01 1.28446148e-02 
3.45311828e-01 1.28444378e-02 
3.45484569e-01 1.28442608e-02 
3.45657396e-01 1.28440838e-02 
3.45830309e-01 1.28439068e-02 
3.46003309e-01 1.28437299e-02 
3.46176395e-01 1.28435530e-02 
3.46349568e-01 1.28433761e-02 
3.46522827e-01 1.28431992e-02 
3.46696173e-01 1.28430223e-02 
3.46869606e-01 1.28428454e-02 
3.47043126e-01 1.28426686e-02 
3.47216732e-01 1.28424917e-02 
3.47390426e-01 1.28423149e-02 
3.47564206e-01 1.28421381e-02 
3.47738073e-01 1.28419613e-02 
3.47912027e-01 1.28417846e-02 
3.48086068e-01 1.28416078e-02 
3.48260196e-01 1.28414311e-02 
3.48434411e-01 1.28412543e-02 
3.48608714e-01 1.28410776e-02 
3.48783104e-01 1.28409009e-02 
3.48957580e-01 1.28407243e-02 
3.49132145e-01 1.28405476e-02 
3.49306796e-01 1.28403710e-02 
3.49481535e-01 1.28401943e-02 
3.49656361e-01 1.28400177e-02 
3.49831275e-01 1.28398411e-02 
3.50006276e-01 1.28396646e-02 
3.50181365e-01 1.28394880e-02 
3.50356541e-01 1.28393114e-02 
3.50531805e-01 1.28391349e-02 
3.50707157e-01 1.28389584e-02 
3.50882596e-01 1.28387819e-02 
3.51058123e-01 1.28386054e-02 
3.51233738e-01 1.28384289e-02 
3.51409441e-01 1.28382525e-02 
3.51585231e-01 1.28380761e-02 
3.51761110e-01 1.28378996e-02 
3.51937077e-01 1.28377232e-02 
3.52113131e-01 1.28375468e-02 
3.52289274e-01 1.28373705e-02 
3.52465505e-01 1.28371941e-02 
3.52641824e-01 1.28370177e-02 
3.52818231e-01 1.28368414e-02 
3.52994726e-01 1.28366651e-02 
3.53171310e-01 1.28364888e-02 
3.53347982e-01 1.28363125e-02 
3.53524742e-01 1.28361363e-02 
3.53701591e-01 1.28359600e-02 
3.53878529e-01 1.28357838e-02 
3.54055554e-01 1.28356076e-02 
3.54232669e-01 1.28354313e-02 
3.54409872e-01 1.28352552e-02 
3.54587163e-01 1.28350790e-02 
3.54764544e-01 1.28349028e-02 
3.54942013e-01 1.28347267e-02 
3.55119571e-01 1.28345505e-02 
3.55297217e-01 1.28343744e-02 
3.55474953e-01 1.28341983e-02 
3.55652777e-01 1.28340223e-02 
3.55830690e-01 1.28338462e-02 
3.56008693e-01 1.28336701e-02 
3.56186784e-01 1.28334941e-02 
3.56364965e-01 1.28333181e-02 
3.56543234e-01 1.28331421e-02 
3.56721593e-01 1.28329661e-02 
3.56900041e-01 1.28327901e-02 
3.57078579e-01 1.28326141e-02 
3.57257205e-01 1.28324382e-02 
3.57435921e-01 1.28322623e-02 
3.57614727e-01 1.28320864e-02 
3.57793621e-01 1.28319105e-02 
3.57972606e-01 1.28317346e-02 
3.58151680e-01 1.28315587e-02 
3.58330843e-01 1.28313828e-02 
3.58510096e-01 1.28312070e-02 
3.58689439e-01 1.28310312e-02 
3.58868871e-01 1.28308554e-02 
3.59048393e-01 1.28306796e-02 
3.59228005e-01 1.28305038e-02 
3.59407707e-01 1.28303280e-02 
3.59587499e-01 1.28301523e-02 
3.59767381e-01 1.28299765e-02 
3.59947352e-01 1.28298008e-02 
3.60127414e-01 1.28296251e-02 
3.60307566e-01 1.28294494e-02 
3.60487808e-01 1.28292738e-02 
3.60668140e-01 1.28290981e-02 
3.60848562e-01 1.28289224e-02 
3.61029075e-01 1.28287468e-02 
3.61209678e-01 1.28285712e-02 
3.61390371e-01 1.28283956e-02 
3.61571154e-01 1.28282200e-02 
3.61752028e-01 1.28280444e-02 
3.61932993e-01 1.28278689e-02 
3.62114048e-01 1.28276933e-02 
3.62295193e-01 1.28275178e-02 
3.62476430e-01 1.28273423e-02 
3.62657757e-01 1.28271668e-02 
3.62839174e-01 1.28269913e-02 
3.63020682e-01 1.28268159e-02 
3.63202282e-01 1.28266404e-02 
3.63383972e-01 1.28264650e-02 
3.63565752e-01 1.28262895e-02 
3.63747624e-01 1.28261141e-02 
3.63929587e-01 1.28259387e-02 
3.64111641e-01 1.28257634e-02 
3.64293786e-01 1.28255880e-02 
3.64476022e-01 1.28254127e-02 
3.64658349e-01 1.28252373e-02 
3.64840767e-01 1.28250620e-02 
3.65023277e-01 1.28248867e-02 
3.65205878e-01 1.28247114e-02 
3.65388570e-01 1.28245361e-02 
3.65571354e-01 1.28243609e-02 
3.65754229e-01 1.28241856e-02 
3.65937195e-01 1.28240104e-02 
3.66120253e-01 1.28238352e-02 
3.66303403e-01 1.28236600e-02 
3.66486644e-01 1.28234848e-02 
3.66669977e-01 1.28233096e-02 
3.66853402e-01 1.28231344e-02 
3.67036918e-01 1.28229593e-02 
3.67220527e-01 1.28227841e-02 
3.67404227e-01 1.28226090e-02 
3.67588019e-01 1.28224339e-02 
3.67771903e-01 1.28222588e-02 
3.67955878e-01 1.28220838e-02 
3.68139946e-01 1.28219087e-02 
3.68324106e-01 1.28217337e-02 
3.68508359e-01 1.28215586e-02 
3.68692703e-01 1.28213836e-02 
3.68877139e-01 1.28212086e-02 
3.69061668e-01 1.28210336e-02 
3.69246289e-01 1.28208586e-02 
3.69431003e-01 1.28206837e-02 
3.69615809e-01 1.28205087e-02 
3.69800707e-01 1.28203338e-02 
3.69985698e-01 1.28201589e-02 
3.70170781e-01 1.28199840e-02 
3.70355957e-01 1.28198091e-02 
3.70541226e-01 1.28196342e-02 
3.70726587e-01 1.28194594e-02 
3.70912041e-01 1.28192845e-02 
3.71097587e-01 1.28191097e-02 
3.71283227e-01 1.28189349e-02 
3.71468959e-01 1.28187601e-02 
3.71654785e-01 1.28185853e-02 
3.71840703e-01 1.28184105e-02 
3.72026714e-01 1.28182357e-02 
3.72212819e-01 1.28180610e-02 
3.72399016e-01 1.28178862e-02 
3.72585307e-01 1.28177115e-02 
3.72771691e-01 1.28175368e-02 
3.72958168e-01 1.28173621e-02 
3.73144738e-01 1.28171875e-02 
3.73331401e-01 1.28170128e-02 
3.73518158e-01 1.28168381e-02 
3.73705009e-01 1.28166635e-02 
3.73891953e-01 1.28164889e-02 
3.74078990e-01 1.28163143e-02 
3.74266121e-01 1.28161397e-02 
3.74453346e-01 1.28159651e-02 
3.74640664e-01 1.28157905e-02 
3.74828076e-01 1.28156160e-02 
3.75015582e-01 1.28154414e-02 
3.75203181e-01 1.28152669e-02 
3.75390875e-01 1.28150924e-02 
3.75578662e-01 1.28149179e-02 
3.75766543e-01 1.28147434e-02 
3.75954518e-01 1.28145690e-02 
3.76142587e-01 1.28143945e-02 
3.76330751e-01 1.28142201e-02 
3.76519008e-01 1.28140456e-02 
3.76707360e-01 1.28138712e-02 
3.76895806e-01 1.28136968e-02 
3.77084346e-01 1.28135224e-02 
3.77272980e-01 1.28133481e-02 
3.77461709e-01 1.28131737e-02 
3.77650532e-01 1.28129994e-02 
3.77839450e-01 1.28128250e-02 
3.78028462e-01 1.28126507e-02 
3.78217568e-01 1.28124764e-02 
3.78406770e-01 1.28123021e-02 
3.78596066e-01 1.28121279e-02 
3.78785456e-01 1.28119536e-02 
3.78974942e-01 1.28117793e-02 
3.79164522e-01 1.28116051e-02 
3.79354197e-01 1.28114309e-02 
3.79543967e-01 1.28112567e-02 
3.79733832e-01 1.28110825e-02 
3.79923791e-01 1.28109083e-02 
3.80113846e-01 1.28107341e-02 
3.80303996e-01 1.28105600e-02 
3.80494241e-01 1.28103858e-02 
3.80684581e-01 1.28102117e-02 
3.80875017e-01 1.28100376e-02 
3.81065547e-01 1.28098635e-02 
3.81256173e-01 1.28096894e-02 
3.81446895e-01 1.28095153e-02 
3.81637711e-01 1.28093413e-02 
3.81828624e-01 1.28091672e-02 
3.82019631e-01 1.28089932e-02 
3.82210734e-01 1.28088192e-02 
3.82401933e-01 1.28086452e-02 
3.82593228e-01 1.28084712e-02 
3.82784618e-01 1.28082972e-02 
3.82976104e-01 1.28081232e-02 
3.83167686e-01 1.28079493e-02 
3.83359363e-01 1.28077754e-02 
3.83551137e-01 1.28076014e-02 
3.83743006e-01 1.28074275e-02 
3.83934971e-01 1.28072536e-02 
3.84127033e-01 1.28070797e-02 
3.84319190e-01 1.28069059e-02 
3.84511444e-01 1.28067320e-02 
3.84703794e-01 1.28065582e-02 
3.84896240e-01 1.28063843e-02 
3.85088782e-01 1.28062105e-02 
3.85281420e-01 1.28060367e-02 
3.85474155e-01 1.28058629e-02 
3.85666987e-01 1.28056891e-02 
3.85859915e-01 1.28055154e-02 
3.86052939e-01 1.28053416e-02 
3.86246060e-01 1.28051679e-02 
3.86439277e-01 1.28049941e-02 
3.86632591e-01 1.28048204e-02 
3.86826002e-01 1.28046467e-02 
3.87019510e-01 1.28044730e-02 
3.87213114e-01 1.28042994e-02 
3.87406816e-01 1.28041257e-02 
3.87600614e-01 1.28039521e-02 
3.87794509e-01 1.28037784e-02 
3.87988501e-01 1.28036048e-02 
3.88182590e-01 1.28034312e-02 
3.88376776e-01 1.28032576e-02 
3.88571060e-01 1.28030840e-02 
3.88765440e-01 1.28029105e-02 
3.88959918e-01 1.28027369e-02 
3.89154493e-01 1.28025634e-02 
3.89349166e-01 1.28023898e-02 
3.89543935e-01 1.28022163e-02 
3.89738803e-01 1.28020428e-02 
3.89933767e-01 1.28018693e-02 
3.90128830e-01 1.28016958e-02 
3.90323989e-01 1.28015224e-02 
3.90519247e-01 1.28013489e-02 
3.90714602e-01 1.28011755e-02 
3.90910055e-01 1.28010021e-02 
3.91105606e-01 1.28008286e-02 
3.91301254e-01 1.28006552e-02 
3.91497000e-01 1.28004819e-02 
3.91692845e-01 1.28003085e-02 
3.91888787e-01 1.28001351e-02 
3.92084827e-01 1.27999618e-02 
3.92280965e-01 1.27997884e-02 
3.92477202e-01 1.27996151e-02 
3.92673536e-01 1.27994418e-02 
3.92869969e-01 1.27992685e-02 
3.93066500e-01 1.27990952e-02 
3.93263130e-01 1.27989219e-02 
3.93459857e-01 1.27987487e-02 
3.93656684e-01 1.27985754e-02 
3.93853608e-01 1.27984022e-02 
3.94050631e-01 1.27982290e-02 
3.94247753e-01 1.27980558e-02 
3.94444973e-01 1.27978826e-02 
3.94642292e-01 1.27977094e-02 
3.94839710e-01 1.27975362e-02 
3.95037226e-01 1.27973631e-02 
3.95234842e-01 1.27971899e-02 
3.95432556e-01 1.27970168e-02 
3.95630369e-01 1.27968437e-02 
3.95828281e-01 1.27966706e-02 
3.96026292e-01 1.27964975e-02 
3.96224402e-01 1.27963244e-02 
3.96422611e-01 1.27961513e-02 
3.96620919e-01 1.27959783e-02 
3.96819326e-01 1.27958052e-02 
3.97017833e-01 1.27956322e-02 
3.97216439e-01 1.27954592e-02 
3.97415144e-01 1.27952862e-02 
3.97613949e-01 1.27951132e-02 
3.97812853e-01 1.27949402e-02 
3.98011857e-01 1.27947672e-02 
3.98210960e-01 1.27945943e-02 
3.98410163e-01 1.27944213e-02 
3.98609466e-01 1.27942484e-02 
3.98808868e-01 1.27940755e-02 
3.99008370e-01 1.27939026e-02 
3.99207972e-01 1.27937297e-02 
3.99407673e-01 1.27935568e-02 
3.99607475e-01 1.27933839e-02 
3.99807376e-01 1.27932111e-02 
4.00007378e-01 1.30200193e-02 
4.00207479e-01 1.28121833e-02 
4.00407681e-01 1.30574075e-02 
4.00607983e-01 1.30945561e-02 
4.00808385e-01 1.30692177e-02 
4.01008887e-01 1.28944076e-02 
4.01209490e-01 1.29432673e-02 
4.01410192e-01 1.31166571e-02 
4.01610996e-01 1.30620775e-02 
4.01811899e-01 1.28407852e-02 
4.02012904e-01 1.29731765e-02 
4.02214008e-01 1.29593671e-02 
4.02415214e-01 1.30358849e-02 
4.02616520e-01 1.29016216e-02 
4.02817927e-01 1.31954054e-02 
4.03019434e-01 1.29721159e-02 
4.03221042e-01 1.28489394e-02 
4.03422751e-01 1.30889915e-02 
4.03624562e-01 1.30885571e-02 
4.03826473e-01 1.30298352e-02 
4.04028485e-01 1.31029157e-02 
4.04230598e-01 1.29468518e-02 
4.04432812e-01 1.29340193e-02 
4.04635127e-01 1.30623614e-02 
4.04837544e-01 1.31746198e-02 
4.05040061e-01 1.29189519e-02 
4.05242680e-01 1.30882044e-02 
4.05445401e-01 1.29917073e-02 
4.05648223e-01 1.30754485e-02 
4.05851146e-01 1.31630782e-02 
4.06054171e-01 1.29441629e-02 
4.06257297e-01 1.28690759e-02 
4.06460525e-01 1.30848138e-02 
4.06663855e-01 1.32264213e-02 
4.06867286e-01 1.31864350e-02 
4.07070820e-01 1.31473812e-02 
4.07274455e-01 1.31497824e-02 
4.07478191e-01 1.29099776e-02 
4.07682030e-01 1.29873763e-02 
4.07885971e-01 1.30812478e-02 
4.08090014e-01 1.29149069e-02 
4.08294158e-01 1.28684627e-02 
4.08498405e-01 1.32197064e-02 
4.08702755e-01 1.32068760e-02 
4.08907206e-01 1.29893099e-02 
4.09111759e-01 1.32108801e-02 
4.09316415e-01 1.31518132e-02 
4.09521174e-01 1.31906496e-02 
4.09726034e-01 1.32180434e-02 
4.09930998e-01 1.29989186e-02 
4.10136063e-01 1.31746859e-02 
4.10341232e-01 1.31452202e-02 
4.10546503e-01 1.29631241e-02 
4.10751876e-01 1.31831453e-02 
4.10957353e-01 1.29053788e-02 
4.11162932e-01 1.30892343e-02 
4.11368614e-01 1.29424102e-02 
4.11574399e-01 1.29019295e-02 
4.11780287e-01 1.29780266e-02 
4.11986278e-01 1.29966113e-02 
4.12192372e-01 1.30610633e-02 
4.12398569e-01 1.31537264e-02 
4.12604869e-01 1.31284193e-02 
4.12811272e-01 1.31813838e-02 
4.13017779e-01 1.30026842e-02 
4.13224389e-01 1.31853578e-02 
4.13431102e-01 1.31965583e-02 
4.13637919e-01 1.31654939e-02 
4.13844839e-01 1.32385675e-02 
4.14051862e-01 1.32434374e-02 
4.14258989e-01 1.32446070e-02 
4.14466220e-01 1.32553996e-02 
4.14673555e-01 1.32035418e-02 
4.14880993e-01 1.31843359e-02 
4.15088535e-01 1.32336871e-02 
4.15296181e-01 1.31204400e-02 
4.15503930e-01 1.29805581e-02 
4.15711784e-01 1.28828056e-02 
4.15919742e-01 1.31213075e-02 
4.16127803e-01 1.28852310e-02 
4.16335969e-01 1.31190142e-02 
4.16544239e-01 1.32049603e-02 
4.16752613e-01 1.32327261e-02 
4.16961091e-01 1.32614972e-02 
4.17169673e-01 1.32099882e-02 
4.17378360e-01 1.29926007e-02 
4.17587152e-01 1.31188271e-02 
4.17796047e-01 1.32686861e-02 
4.18005047e-01 1.30844420e-02 
4.18214152e-01 1.32667733e-02 
4.18423362e-01 1.32429628e-02 
4.18632676e-01 1.33195802e-02 
4.18842094e-01 1.30071666e-02 
4.19051618e-01 1.33049502e-02 
4.19261246e-01 1.29673228e-02 
4.19470979e-01 1.30386123e-02 
4.19680817e-01 1.32633141e-02 
4.19890760e-01 1.32877860e-02 
4.20100808e-01 1.32614197e-02 
4.20310962e-01 1.31296386e-02 
4.20521220e-01 1.30284810e-02 
4.20731583e-01 1.29644907e-02 
4.20942052e-01 1.30157182e-02 
4.21152626e-01 1.32742421e-02 
4.21363305e-01 1.32667235e-02 
4.21574090e-01 1.29688764e-02 
4.21784980e-01 1.32103808e-02 
4.21995976e-01 1.31684909e-02 
4.22207077e-01 1.33084772e-02 
4.22418284e-01 1.30452015e-02 
4.22629596e-01 1.30625115e-02 
4.22841014e-01 1.29842994e-02 
4.23052538e-01 1.31154830e-02 
4.23264168e-01 1.31284201e-02 
4.23475904e-01 1.31920186e-02 
4.23687745e-01 1.30758312e-02 
4.23899693e-01 1.29605898e-02 
4.24111746e-01 1.28509922e-02 
4.24323906e-01 1.28733536e-02 
4.24536172e-01 1.30331074e-02 
4.24748544e-01 1.31073667e-02 
4.24961022e-01 1.30799993e-02 
4.25173606e-01 1.30625126e-02 
4.25386297e-01 1.32274925e-02 
4.25599094e-01 1.31128363e-02 
4.25811998e-01 1.31814351e-02 
4.26025008e-01 1.31015577e-02 
4.26238125e-01 1.33289724e-02 
4.26451348e-01 1.29553001e-02 
4.26664678e-01 1.29407253e-02 
4.26878115e-01 1.31928556e-02 
4.27091658e-01 1.32948149e-02 
4.27305308e-01 1.32133252e-02 
4.27519066e-01 1.32557916e-02 
4.27732930e-01 1.30626560e-02 
4.27946901e-01 1.31739426e-02 
4.28160979e-01 1.28986836e-02 
4.28375164e-01 1.31778879e-02 
4.28589456e-01 1.32201332e-02 
4.28803856e-01 1.33447419e-02 
4.29018363e-01 1.32144537e-02 
4.29232977e-01 1.32768781e-02 
4.29447698e-01 1.29566958e-02 
4.29662527e-01 1.31873235e-02 
4.29877464e-01 1.32906316e-02 
4.30092507e-01 1.32988680e-02 
4.30307659e-01 1.32092696e-02 
4.30522918e-01 1.33169351e-02 
4.30738285e-01 1.32261891e-02 
4.30953759e-01 1.33077423e-02 
4.31169341e-01 1.30085198e-02 
4.31385032e-01 1.32081719e-02 
4.31600830e-01 1.31049390e-02 
4.31816736e-01 1.33354141e-02 
4.32032750e-01 1.32515162e-02 
4.32248872e-01 1.32041515e-02 
4.32465102e-01 1.29622275e-02 
4.32681440e-01 1.32421036e-02 
4.32897887e-01 1.29788200e-02 
4.33114441e-01 1.32764420e-02 
4.33331105e-01 1.32934682e-02 
4.33547876e-01 1.30800144e-02 
4.33764756e-01 1.31874155e-02 
4.33981745e-01 1.31707335e-02 
4.34198842e-01 1.32864957e-02 
4.34416047e-01 1.30089400e-02 
4.34633362e-01 1.32285813e-02 
4.34850784e-01 1.33299643e-02 
4.35068316e-01 1.29837953e-02 
4.35285957e-01 1.32875291e-02 
4.35503706e-01 1.33597511e-02 
4.35721565e-01 1.31442819e-02 
4.35939532e-01 1.30511290e-02 
4.36157608e-01 1.32995625e-02 
4.36375794e-01 1.33805720e-02 
4.36594088e-01 1.33847375e-02 
4.36812492e-01 1.34119247e-02 
4.37031005e-01 1.30341377e-02 
4.37249628e-01 1.29033376e-02 
4.37468360e-01 1.33323766e-02 
4.37687201e-01 1.30750211e-02 
4.37906151e-01 1.30209169e-02 
4.38125212e-01 1.30391594e-02 
4.38344381e-01 1.32880781e-02 
4.38563661e-01 1.33315086e-02 
4.38783050e-01 1.30746745e-02 
4.39002549e-01 1.31342487e-02 
4.39222157e-01 1.33297489e-02 
4.39441876e-01 1.31233354e-02 
4.39661704e-01 1.33750322e-02 
4.39881643e-01 1.33963007e-02 
4.40101691e-01 1.33195801e-02 
4.40321849e-01 1.32951313e-02 
4.40542118e-01 1.29970947e-02 
4.40762497e-01 1.31391397e-02 
4.40982986e-01 1.33062465e-02 
4.41203585e-01 1.32497567e-02 
4.41424295e-01 1.31285427e-02 
4.41645115e-01 1.31903146e-02 
4.41866046e-01 1.30701706e-02 
4.42087087e-01 1.29842533e-02 
4.42308238e-01 1.33979823e-02 
4.42529501e-01 1.32015687e-02 
4.42750874e-01 1.32848645e-02 
4.42972357e-01 1.33994509e-02 
4.43193952e-01 1.33547926e-02 
4.43415657e-01 1.33003196e-02 
4.43637474e-01 1.29562587e-02 
4.43859401e-01 1.33820611e-02 
4.44081439e-01 1.32885713e-02 
4.44303588e-01 1.30068526e-02 
4.44525849e-01 1.33078430e-02 
4.44748221e-01 1.32697584e-02 
4.44970703e-01 1.31014569e-02 
4.45193298e-01 1.29811734e-02 
4.45416003e-01 1.33667574e-02 
4.45638820e-01 1.31114886e-02 
4.45861748e-01 1.32554649e-02 
4.46084788e-01 1.32775366e-02 
4.46307940e-01 1.34307148e-02 
4.46531203e-01 1.30369884e-02 
4.46754578e-01 1.31980956e-02 
4.46978064e-01 1.34391507e-02 
4.47201663e-01 1.29982538e-02 
4.47425373e-01 1.32358773e-02 
4.47649195e-01 1.32139600e-02 
4.47873129e-01 1.35262922e-02 
4.48097175e-01 1.34195845e-02 
4.48321333e-01 1.33570771e-02 
4.48545604e-01 1.33434633e-02 
4.48769986e-01 1.34437586e-02 
4.48994481e-01 1.32001372e-02 
4.49219088e-01 1.33919337e-02 
4.49443808e-01 1.31580879e-02 
4.49668639e-01 1.33360513e-02 
4.49893584e-01 1.33182196e-02 
4.50118640e-01 1.29576444e-02 
4.50343810e-01 1.34089922e-02 
4.50569092e-01 1.32074589e-02 
4.50794487e-01 1.31312413e-02 
4.51019994e-01 1.34597729e-02 
4.51245614e-01 1.33531370e-02 
4.51471348e-01 1.29375029e-02 
4.51697194e-01 1.32745175e-02 
4.51923153e-01 1.30850184e-02 
4.52149225e-01 1.34051190e-02 
4.52375410e-01 1.29643690e-02 
4.52601708e-01 1.32612861e-02 
4.52828120e-01 1.32918789e-02 
4.53054645e-01 1.33172434e-02 
4.53281283e-01 1.33592785e-02 
4.53508034e-01 1.34815492e-02 
4.53734899e-01 1.29857088e-02 
4.53961878e-01 1.34578486e-02 
4.54188970e-01 1.33157859e-02 
4.54416175e-01 1.32631680e-02 
4.54643495e-01 1.34079847e-02 
4.54870928e-01 1.34241354e-02 
4.55098474e-01 1.32912120e-02 
4.55326135e-01 1.34342680e-02 
4.55553909e-01 1.34106943e-02 
4.55781798e-01 1.33120019e-02 
4.56009800e-01 1.34720983e-02 
4.56237916e-01 1.33281604e-02 
4.56466147e-01 1.33304099e-02 
4.56694492e-01 1.32692173e-02 
4.56922951e-01 1.29414874e-02 
4.57151524e-01 1.32223442e-02 
4.57380211e-01 1.28995251e-02 
4.57609013e-01 1.32156337e-02 
4.57837930e-01 1.31952563e-02 
4.58066961e-01 1.32445237e-02 
4.58296106e-01 1.31396470e-02 
4.58525366e-01 1.32313160e-02 
4.58754741e-01 1.35208905e-02 
4.58984231e-01 1.33744617e-02 
4.59213835e-01 1.35657256e-02 
4.59443554e-01 1.34209246e-02 
4.59673389e-01 1.34684909e-02 
4.59903338e-01 1.33668972e-02 
4.60133402e-01 1.34110208e-02 
4.60363581e-01 1.29808791e-02 
4.60593875e-01 1.34416477e-02 
4.60824285e-01 1.36052577e-02 
4.61054810e-01 1.32855034e-02 
4.61285450e-01 1.30000763e-02 
4.61516206e-01 1.35338341e-02 
4.61747077e-01 1.35598483e-02 
4.61978063e-01 1.31793840e-02 
4.62209165e-01 1.35462454e-02 
4.62440383e-01 1.32052482e-02 
4.62671716e-01 1.31613903e-02 
4.62903165e-01 1.35522161e-02 
4.63134730e-01 1.34824452e-02 
4.63366410e-01 1.35653572e-02 
4.63598207e-01 1.33143315e-02 
4.63830119e-01 1.33507253e-02 
4.64062148e-01 1.33454837e-02 
4.64294293e-01 1.35809267e-02 
4.64526553e-01 1.33236095e-02 
4.64758930e-01 1.35433402e-02 
4.64991423e-01 1.33619645e-02 
4.65224033e-01 1.32994646e-02 
4.65456759e-01 1.32562897e-02 
4.65689601e-01 1.31469352e-02 
4.65922559e-01 1.34127756e-02 
4.66155635e-01 1.35254261e-02 
4.66388827e-01 1.35685003e-02 
4.66622135e-01 1.30405295e-02 
4.66855560e-01 1.34598551e-02 
4.67089102e-01 1.35627395e-02 
4.67322761e-01 1.35376528e-02 
4.67556537e-01 1.34564827e-02 
4.67790429e-01 1.31826693e-02 
4.68024439e-01 1.34206983e-02 
4.68258566e-01 1.35802609e-02 
4.68492809e-01 1.30991495e-02 
4.68727170e-01 1.32683694e-02 
4.68961649e-01 1.33878620e-02 
4.69196244e-01 1.34296632e-02 
4.69430957e-01 1.34538494e-02 
4.69665787e-01 1.32594137e-02 
4.69900735e-01 1.31259971e-02 
4.70135800e-01 1.33162646e-02 
4.70370983e-01 1.30687118e-02 
4.70606284e-01 1.35437324e-02 
4.70841702e-01 1.32236238e-02 
4.71077238e-01 1.31732294e-02 
4.71312892e-01 1.33207752e-02 
4.71548664e-01 1.32967311e-02 
4.71784553e-01 1.34039179e-02 
4.72020561e-01 1.34164362e-02 
4.72256687e-01 1.32758888e-02 
4.72492930e-01 1.34622000e-02 
4.72729293e-01 1.30360406e-02 
4.72965773e-01 1.33553519e-02 
4.73202371e-01 1.32929578e-02 
4.73439088e-01 1.31805398e-02 
4.73675924e-01 1.31117066e-02 
4.73912877e-01 1.35000522e-02 
4.74149950e-01 1.33168262e-02 
4.74387141e-01 1.32176581e-02 
4.74624450e-01 1.30797213e-02 
4.74861879e-01 1.34679641e-02 
4.75099426e-01 1.31070948e-02 
4.75337092e-01 1.30198543e-02 
4.75574876e-01 1.32620653e-02 
4.75812780e-01 1.31647468e-02 
4.76050803e-01 1.32987196e-02 
4.76288945e-01 1.36204925e-02 
4.76527206e-01 1.35174375e-02 
4.76765586e-01 1.36280042e-02 
4.77004085e-01 1.35956475e-02 
4.77242704e-01 1.34755993e-02 
4.77481442e-01 1.33614642e-02 
4.77720300e-01 1.30690569e-02 
4.77959277e-01 1.31132341e-02 
4.78198373e-01 1.32340847e-02 
4.78437589e-01 1.35800733e-02 
4.78676925e-01 1.33025420e-02 
4.78916381e-01 1.31439494e-02 
4.79155956e-01 1.36331763e-02 
4.79395651e-01 1.34358800e-02 
4.79635466e-01 1.31236090e-02 
4.79875401e-01 1.31446359e-02 
4.80115456e-01 1.29199838e-02 
4.80355631e-01 1.32565652e-02 
4.80595927e-01 1.34528130e-02 
4.80836342e-01 1.33719218e-02 
4.81076878e-01 1.36394832e-02 
4.81317534e-01 1.35172067e-02 
4.81558311e-01 1.36528528e-02 
4.81799208e-01 1.35697256e-02 
4.82040225e-01 1.36046193e-02 
4.82281363e-01 1.31644878e-02 
4.82522622e-01 1.31866957e-02 
4.82764001e-01 1.30913465e-02 
4.83005501e-01 1.35323950e-02 
4.83247122e-01 1.33978549e-02 
4.83488864e-01 1.31710796e-02 
4.83730726e-01 1.33110435e-02 
4.83972710e-01 1.32585372e-02 
4.84214815e-01 1.31741611e-02 
4.84457041e-01 1.34783317e-02 
4.84699388e-01 1.32969711e-02 
4.84941856e-01 1.35039815e-02 
4.85184445e-01 1.32726825e-02 
4.85427156e-01 1.34421852e-02 
4.85669989e-01 1.33495990e-02 
4.85912942e-01 1.32409535e-02 
4.86156018e-01 1.34423054e-02 
4.86399215e-01 1.34329135e-02 
4.86642533e-01 1.31288352e-02 
4.86885973e-01 1.34816981e-02 
4.87129535e-01 1.34945397e-02 
4.87373219e-01 1.30964400e-02 
4.87617025e-01 1.32919777e-02 
4.87860953e-01 1.30100020e-02 
4.88105003e-01 1.31220114e-02 
4.88349175e-01 1.30796328e-02 
4.88593469e-01 1.31564940e-02 
4.88837885e-01 1.31295130e-02 
4.89082423e-01 1.31578681e-02 
4.89327084e-01 1.31122375e-02 
4.89571867e-01 1.33303900e-02 
4.89816773e-01 1.34650108e-02 
4.90061801e-01 1.34733320e-02 
4.90306952e-01 1.32547332e-02 
4.90552225e-01 1.35028448e-02 
4.90797622e-01 1.32732939e-02 
4.91043140e-01 1.31076144e-02 
4.91288782e-01 1.34541716e-02 
4.91534547e-01 1.30477950e-02 
4.91780434e-01 1.34845407e-02 
4.92026445e-01 1.33892753e-02 
4.92272578e-01 1.31058683e-02 
4.92518835e-01 1.31276560e-02 
4.92765215e-01 1.31579118e-02 
4.93011718e-01 1.31728907e-02 
4.93258344e-01 1.32480507e-02 
4.93505094e-01 1.33568303e-02 
4.93751967e-01 1.32770331e-02 
4.93998964e-01 1.33211807e-02 
4.94246084e-01 1.34565044e-02 
4.94493328e-01 1.32779244e-02 
4.94740696e-01 1.32848815e-02 
4.94988187e-01 1.30251360e-02 
4.95235802e-01 1.31260668e-02 
4.95483541e-01 1.31975569e-02 
4.95731404e-01 1.37100505e-02 
4.95979391e-01 1.34103241e-02 
4.96227502e-01 1.31734985e-02 
4.96475738e-01 1.36189718e-02 
4.96724097e-01 1.32298401e-02 
4.96972580e-01 1.35079837e-02 
4.97221188e-01 1.33130554e-02 
4.97469920e-01 1.32942064e-02 
4.97718777e-01 1.37078029e-02 
4.97967758e-01 1.33024198e-02 
4.98216864e-01 1.32632061e-02 
4.98466094e-01 1.32892962e-02 
4.98715449e-01 1.31791932e-02 
4.98964929e-01 1.30789209e-02 
4.99214533e-01 1.30255820e-02 
4.99464263e-01 1.36942372e-02 
4.99714117e-01 1.30973920e-02 
4.99964096e-01 1.30626936e-02 
5.00214201e-01 1.35630996e-02 
5.00464430e-01 1.36739709e-02 
5.00714785e-01 1.32018269e-02 
5.00965264e-01 1.35993918e-02 
5.01215870e-01 1.34948988e-02 
5.01466600e-01 1.32439805e-02 
5.01717456e-01 1.31569108e-02 
5.01968438e-01 1.34669210e-02 
5.02219544e-01 1.33624034e-02 
5.02470777e-01 1.30857663e-02 
5.02722135e-01 1.32901954e-02 
5.02973619e-01 1.30713075e-02 
5.03225229e-01 1.36014523e-02 
5.03476965e-01 1.32085510e-02 
5.03728827e-01 1.31823817e-02 
5.03980814e-01 1.32055359e-02 
5.04232928e-01 1.32107718e-02 
5.04485168e-01 1.35436340e-02 
5.04737534e-01 1.35684657e-02 
5.04990026e-01 1.31910975e-02 
5.05242644e-01 1.31439546e-02 
5.05495389e-01 1.33855560e-02 
5.05748261e-01 1.30837990e-02 
5.06001258e-01 1.34698158e-02 
5.06254383e-01 1.34019834e-02 
5.06507634e-01 1.32927780e-02 
5.06761011e-01 1.32932207e-02 
5.07014516e-01 1.31830340e-02 
5.07268147e-01 1.34796307e-02 
5.07521905e-01 1.32942934e-02 
5.07775790e-01 1.32402038e-02 
5.08029802e-01 1.31201653e-02 
5.08283942e-01 1.34008087e-02 
5.08538208e-01 1.32838165e-02 
5.08792601e-01 1.33608369e-02 
5.09047122e-01 1.33080788e-02 
5.09301770e-01 1.32708408e-02 
5.09556546e-01 1.33092343e-02 
5.09811449e-01 1.33201911e-02 
5.10066479e-01 1.31671775e-02 
5.10321637e-01 1.33310560e-02 
5.10576923e-01 1.34412235e-02 
5.10832336e-01 1.31876900e-02 
5.11087877e-01 1.31499859e-02 
5.11343546e-01 1.31629935e-02 
5.11599343e-01 1.32139485e-02 
5.11855268e-01 1.34183852e-02 
5.12111320e-01 1.32474288e-02 
5.12367501e-01 1.32014696e-02 
5.12623810e-01 1.32555012e-02 
5.12880248e-01 1.32094036e-02 
5.13136813e-01 1.33868843e-02 
5.13393507e-01 1.32019259e-02 
5.13650330e-01 1.33052040e-02 
5.13907280e-01 1.33797281e-02 
5.14164360e-01 1.34708780e-02 
5.14421568e-01 1.32834697e-02 
5.14678904e-01 1.34560862e-02 
5.14936369e-01 1.33478117e-02 
5.15193964e-01 1.33595506e-02 
5.15451687e-01 1.32223532e-02 
5.15709539e-01 1.31436316e-02 
5.15967519e-01 1.31489143e-02 
5.16225629e-01 1.32408890e-02 
5.16483868e-01 1.33208419e-02 
5.16742237e-01 1.32841534e-02 
5.17000734e-01 1.33024923e-02 
5.17259361e-01 1.36348553e-02 
5.17518117e-01 1.35735081e-02 
5.17777003e-01 1.32790491e-02 
5.18036018e-01 1.32003533e-02 
5.18295163e-01 1.33140197e-02 
5.18554437e-01 1.32885979e-02 
5.18813841e-01 1.36717139e-02 
5.19073375e-01 1.32922693e-02 
5.19333039e-01 1.37088457e-02 
5.19592832e-01 1.31753910e-02 
5.19852756e-01 1.31613676e-02 
5.20112809e-01 1.33505244e-02 
5.20372993e-01 1.33186181e-02 
5.20633306e-01 1.31868382e-02 
5.20893750e-01 1.31903224e-02 
5.21154325e-01 1.32582965e-02 
5.21415029e-01 1.33325137e-02 
5.21675864e-01 1.33127188e-02 
5.21936830e-01 1.33309574e-02 
5.22197926e-01 1.33556078e-02 
5.22459153e-01 1.33644573e-02 
5.22720510e-01 1.33520400e-02 
5.22981998e-01 1.36415913e-02 
5.23243617e-01 1.33452394e-02 
5.23505367e-01 1.32375325e-02 
5.23767248e-01 1.32526236e-02 
5.24029259e-01 1.32123130e-02 
5.24291402e-01 1.34606021e-02 
5.24553676e-01 1.32107171e-02 
5.24816081e-01 1.35180989e-02 
5.25078618e-01 1.32979755e-02 
5.25341285e-01 1.34967459e-02 
5.25604084e-01 1.31862609e-02 
5.25867015e-01 1.35351022e-02 
5.26130077e-01 1.35735159e-02 
5.26393271e-01 1.32759010e-02 
5.26656596e-01 1.35597212e-02 
5.26920053e-01 1.31992358e-02 
5.27183642e-01 1.33020342e-02 
5.27447363e-01 1.32647700e-02 
5.27711216e-01 1.34565271e-02 
5.27975200e-01 1.33201308e-02 
5.28239317e-01 1.34134055e-02 
5.28503566e-01 1.33474109e-02 
5.28767947e-01 1.34099931e-02 
5.29032460e-01 1.33055787e-02 
5.29297106e-01 1.34338414e-02 
5.29561884e-01 1.33205401e-02 
5.29826794e-01 1.35647742e-02 
5.30091837e-01 1.32483930e-02 
5.30357013e-01 1.32037921e-02 
5.30622321e-01 1.32723618e-02 
5.30887762e-01 1.34347451e-02 
5.31153336e-01 1.33122739e-02 
5.31419042e-01 1.33743238e-02 
5.31684882e-01 1.33020273e-02 
5.31950854e-01 1.32399391e-02 
5.32216960e-01 1.34235483e-02 
5.32483199e-01 1.34001947e-02 
5.32749570e-01 1.32902388e-02 
5.33016075e-01 1.33444220e-02 
5.33282714e-01 1.34193391e-02 
5.33549486e-01 1.32382383e-02 
5.33816391e-01 1.32861211e-02 
5.34083430e-01 1.33205784e-02 
5.34350602e-01 1.33354047e-02 
5.34617908e-01 1.34713446e-02 
5.34885348e-01 1.35012150e-02 
5.35152921e-01 1.32456592e-02 
5.35420629e-01 1.33577428e-02 
5.35688470e-01 1.33088383e-02 
5.35956445e-01 1.32992057e-02 
5.36224554e-01 1.34256371e-02 
5.36492798e-01 1.33426554e-02 
5.36761175e-01 1.32090155e-02 
5.37029687e-01 1.33742760e-02 
5.37298333e-01 1.33402096e-02 
5.37567114e-01 1.33151854e-02 
5.37836029e-01 1.32477984e-02 
5.38105079e-01 1.33798896e-02 
5.38374263e-01 1.33624041e-02 
5.38643582e-01 1.33984438e-02 
5.38913035e-01 1.33712108e-02 
5.39182623e-01 1.32909194e-02 
5.39452347e-01 1.34032147e-02 
5.39722205e-01 1.33848009e-02 
5.39992198e-01 1.33655183e-02 
5.40262326e-01 1.32962781e-02 
5.40532589e-01 1.33439350e-02 
5.40802988e-01 1.33977935e-02 
5.41073522e-01 1.33508591e-02 
5.41344191e-01 1.34357114e-02 
5.41614995e-01 1.34159328e-02 
5.41885935e-01 1.32916167e-02 
5.42157011e-01 1.33621375e-02 
5.42428222e-01 1.34033568e-02 
5.42699569e-01 1.34398103e-02 
5.42971051e-01 1.33932078e-02 
5.43242669e-01 1.33058370e-02 
5.43514424e-01 1.33738223e-02 
5.43786314e-01 1.34565249e-02 
5.44058340e-01 1.34243599e-02 
5.44330502e-01 1.33956858e-02 
5.44602800e-01 1.33805104e-02 
5.44875235e-01 1.33292409e-02 
5.45147806e-01 1.32911387e-02 
5.45420513e-01 1.32969422e-02 
5.45693357e-01 1.34318092e-02 
5.45966337e-01 1.35598100e-02 
5.46239454e-01 1.35264305e-02 
5.46512707e-01 1.34173655e-02 
5.46786097e-01 1.34186440e-02 
5.47059624e-01 1.36431711e-02 
5.47333287e-01 1.32833360e-02 
5.47607088e-01 1.36792402e-02 
5.47881025e-01 1.33845800e-02 
5.48155100e-01 1.33079800e-02 
5.48429312e-01 1.36017262e-02 
5.48703660e-01 1.35414845e-02 
5.48978146e-01 1.33699637e-02 
5.49252770e-01 1.33121348e-02 
5.49527530e-01 1.33180151e-02 
5.49802429e-01 1.32513413e-02 
5.50077464e-01 1.34872574e-02 
5.50352638e-01 1.35484338e-02 
5.50627948e-01 1.33509834e-02 
5.50903397e-01 1.35059506e-02 
5.51178984e-01 1.33741242e-02 
5.51454708e-01 1.34378141e-02 
5.51730570e-01 1.33528203e-02 
5.52006570e-01 1.33312282e-02 
5.52282709e-01 1.34161390e-02 
5.52558985e-01 1.35352726e-02 
5.52835400e-01 1.33354370e-02 
5.53111953e-01 1.33405829e-02 
5.53388644e-01 1.33493811e-02 
5.53665474e-01 1.36264646e-02 
5.53942442e-01 1.33462102e-02 
5.54219548e-01 1.34495812e-02 
5.54496794e-01 1.33448239e-02 
5.54774178e-01 1.32957964e-02 
5.55051700e-01 1.32986164e-02 
5.55329362e-01 1.33967887e-02 
5.55607163e-01 1.32908709e-02 
5.55885102e-01 1.33697327e-02 
5.56163181e-01 1.32702808e-02 
5.56441398e-01 1.33172891e-02 
5.56719755e-01 1.35754693e-02 
5.56998251e-01 1.33498856e-02 
5.57276886e-01 1.33412056e-02 
5.57555661e-01 1.35499311e-02 
5.57834575e-01 1.34948237e-02 
5.58113629e-01 1.34311436e-02 
5.58392822e-01 1.34745033e-02 
5.58672155e-01 1.33848694e-02 
5.58951628e-01 1.34791306e-02 
5.59231241e-01 1.34816808e-02 
5.59510993e-01 1.34774687e-02 
5.59790885e-01 1.34223454e-02 
5.60070918e-01 1.35734620e-02 
5.60351090e-01 1.34365040e-02 
5.60631403e-01 1.36384094e-02 
5.60911856e-01 1.34175490e-02 
5.61192449e-01 1.33128866e-02 
5.61473182e-01 1.33334225e-02 
5.61754056e-01 1.34969668e-02 
5.62035070e-01 1.35207680e-02 
5.62316225e-01 1.35314913e-02 
5.62597521e-01 1.35037935e-02 
5.62878957e-01 1.34442162e-02 
5.63160535e-01 1.35599238e-02 
5.63442253e-01 1.34443713e-02 
5.63724112e-01 1.34719507e-02 
5.64006111e-01 1.35816828e-02 
5.64288252e-01 1.35171438e-02 
5.64570535e-01 1.34385045e-02 
5.64852958e-01 1.35033832e-02 
5.65135523e-01 1.34291970e-02 
5.65418229e-01 1.34953873e-02 
5.65701076e-01 1.34624306e-02 
5.65984065e-01 1.33132156e-02 
5.66267195e-01 1.35064615e-02 
5.66550467e-01 1.35340271e-02 
5.66833881e-01 1.34161246e-02 
5.67117437e-01 1.35031449e-02 
5.67401134e-01 1.33812941e-02 
5.67684974e-01 1.35207308e-02 
5.67968955e-01 1.33923422e-02 
5.68253078e-01 1.34833097e-02 
5.68537344e-01 1.34140714e-02 
5.68821752e-01 1.35104768e-02 
5.69106302e-01 1.34023049e-02 
5.69390994e-01 1.35327285e-02 
5.69675829e-01 1.34753503e-02 
5.69960806e-01 1.33673771e-02 
5.70245926e-01 1.33900157e-02 
5.70531188e-01 1.35354116e-02 
5.70816593e-01 1.35040207e-02 
5.71102141e-01 1.34235769e-02 
5.71387832e-01 1.33318873e-02 
5.71673666e-01 1.33996153e-02 
5.71959642e-01 1.34047901e-02 
5.72245762e-01 1.34746766e-02 
5.72532025e-01 1.33857490e-02 
5.72818431e-01 1.35026659e-02 
5.73104980e-01 1.35227720e-02 
5.73391673e-01 1.34389047e-02 
5.73678509e-01 1.34353534e-02 
5.73965488e-01 1.33868731e-02 
5.74252612e-01 1.34432362e-02 
5.74539878e-01 1.34910828e-02 
5.74827289e-01 1.33061280e-02 
5.75114843e-01 1.34692226e-02 
5.75402541e-01 1.34285640e-02 
5.75690383e-01 1.33293255e-02 
5.75978369e-01 1.33322442e-02 
5.76266499e-01 1.34698789e-02 
5.76554773e-01 1.34096783e-02 
5.76843192e-01 1.33941290e-02 
5.77131754e-01 1.35243144e-02 
5.77420461e-01 1.34263751e-02 
5.77709313e-01 1.35187694e-02 
5.77998309e-01 1.33496909e-02 
5.78287449e-01 1.34714037e-02 
5.78576735e-01 1.34851785e-02 
5.78866164e-01 1.33150816e-02 
5.79155739e-01 1.35108305e-02 
5.79445459e-01 1.32875734e-02 
5.79735323e-01 1.34680599e-02 
5.80025333e-01 1.34896593e-02 
5.80315487e-01 1.34511187e-02 
5.80605787e-01 1.33518266e-02 
5.80896232e-01 1.34545805e-02 
5.81186822e-01 1.34546581e-02 
5.81477557e-01 1.33411062e-02 
5.81768438e-01 1.34318821e-02 
5.82059465e-01 1.34516615e-02 
5.82350637e-01 1.35073263e-02 
5.82641955e-01 1.33281056e-02 
5.82933418e-01 1.34144032e-02 
5.83225027e-01 1.33403823e-02 
5.83516783e-01 1.34466436e-02 
5.83808684e-01 1.34262723e-02 
5.84100731e-01 1.33817185e-02 
5.84392924e-01 1.33802112e-02 
5.84685263e-01 1.33041182e-02 
5.84977749e-01 1.35333274e-02 
5.85270381e-01 1.35082565e-02 
5.85563159e-01 1.33441261e-02 
5.85856084e-01 1.33489653e-02 
5.86149156e-01 1.34090242e-02 
5.86442373e-01 1.35440879e-02 
5.86735738e-01 1.34605048e-02 
5.87029249e-01 1.33554627e-02 
5.87322908e-01 1.34254964e-02 
5.87616713e-01 1.35572888e-02 
5.87910665e-01 1.35030738e-02 
5.88204764e-01 1.35059473e-02 
5.88499010e-01 1.35131702e-02 
5.88793404e-01 1.35028901e-02 
5.89087944e-01 1.34662473e-02 
5.89382632e-01 1.35026037e-02 
5.89677468e-01 1.33067473e-02 
5.89972451e-01 1.34780425e-02 
5.90267581e-01 1.35965749e-02 
5.90562860e-01 1.35316968e-02 
5.90858285e-01 1.35868002e-02 
5.91153859e-01 1.35823105e-02 
5.91449581e-01 1.34189378e-02 
5.91745450e-01 1.34799350e-02 
5.92041467e-01 1.35065678e-02 
5.92337633e-01 1.33866865e-02 
5.92633947e-01 1.34620398e-02 
5.92930409e-01 1.35395108e-02 
5.93227019e-01 1.33752479e-02 
5.93523777e-01 1.35874701e-02 
5.93820684e-01 1.34214568e-02 
5.94117740e-01 1.34277152e-02 
5.94414944e-01 1.35342655e-02 
5.94712297e-01 1.33973563e-02 
5.95009799e-01 1.34412384e-02 
5.95307449e-01 1.35041960e-02 
5.95605248e-01 1.35365613e-02 
5.95903197e-01 1.35744400e-02 
5.96201294e-01 1.33463560e-02 
5.96499541e-01 1.33576436e-02 
5.96797936e-01 1.35663811e-02 
5.97096481e-01 1.35945401e-02 
5.97395175e-01 1.35118611e-02 
5.97694019e-01 1.34816170e-02 
5.97993012e-01 1.34885796e-02 
5.98292155e-01 1.35448068e-02 
5.98591447e-01 1.34335723e-02 
5.98890890e-01 1.35502747e-02 
5.99190482e-01 1.35107342e-02 
5.99490223e-01 1.33450468e-02 
5.99790115e-01 1.34311808e-02 
6.00090157e-01 1.34853859e-02 
6.00390349e-01 1.34783150e-02 
6.00690691e-01 1.35114530e-02 
6.00991183e-01 1.35036449e-02 
6.01291826e-01 1.34674435e-02 
6.01592618e-01 1.34323723e-02 
6.01893562e-01 1.35481031e-02 
6.02194656e-01 1.34150924e-02 
6.02495901e-01 1.34964768e-02 
6.02797296e-01 1.34926000e-02 
6.03098842e-01 1.33983562e-02 
6.03400539e-01 1.34679240e-02 
6.03702387e-01 1.33934688e-02 
6.04004386e-01 1.35107171e-02 
6.04306535e-01 1.34665403e-02 
6.04608837e-01 1.34767044e-02 
6.04911289e-01 1.35167493e-02 
6.05213892e-01 1.33469943e-02 
6.05516647e-01 1.33911184e-02 
6.05819554e-01 1.34479871e-02 
6.06122612e-01 1.33994440e-02 
6.06425821e-01 1.34817028e-02 
6.06729183e-01 1.34949862e-02 
6.07032696e-01 1.34537456e-02 
6.07336360e-01 1.34571888e-02 
6.07640177e-01 1.34609476e-02 
6.07944146e-01 1.33990882e-02 
6.08248267e-01 1.34513123e-02 
6.08552539e-01 1.34396241e-02 
6.08856965e-01 1.34115222e-02 
6.09161542e-01 1.34478802e-02 
6.09466272e-01 1.34329531e-02 
6.09771154e-01 1.34754556e-02 
6.10076189e-01 1.33826684e-02 
6.10381376e-01 1.33887985e-02 
6.10686716e-01 1.34214781e-02 
6.10992209e-01 1.34152811e-02 
6.11297854e-01 1.33665112e-02 
6.11603653e-01 1.34452073e-02 
6.11909604e-01 1.33986588e-02 
6.12215708e-01 1.34702430e-02 
6.12521966e-01 1.34030811e-02 
6.12828377e-01 1.34281551e-02 
6.13134941e-01 1.34753783e-02 
6.13441658e-01 1.33913503e-02 
6.13748529e-01 1.33873746e-02 
6.14055554e-01 1.33903661e-02 
6.14362732e-01 1.34379559e-02 
6.14670063e-01 1.33140906e-02 
6.14977549e-01 1.31924679e-02 
6.15285188e-01 1.35178776e-02 
6.15592981e-01 1.33995077e-02 
6.15900928e-01 1.34152177e-02 
6.16209029e-01 1.34189346e-02 
6.16517284e-01 1.36738868e-02 
6.16825694e-01 1.36303870e-02 
6.17134257e-01 1.35279799e-02 
6.17442975e-01 1.35520206e-02 
6.17751848e-01 1.35154078e-02 
6.18060875e-01 1.36170782e-02 
6.18370057e-01 1.33305719e-02 
6.18679393e-01 1.33690618e-02 
6.18988884e-01 1.35627865e-02 
6.19298530e-01 1.36404288e-02 
6.19608330e-01 1.35632077e-02 
6.19918286e-01 1.33750775e-02 
6.20228397e-01 1.35519541e-02 
6.20538663e-01 1.34528589e-02 
6.20849084e-01 1.35793835e-02 
6.21159660e-01 1.36531854e-02 
6.21470392e-01 1.36008188e-02 
6.21781279e-01 1.35711523e-02 
6.22092322e-01 1.36579310e-02 
6.22403520e-01 1.36631947e-02 
6.22714874e-01 1.36325848e-02 
6.23026384e-01 1.36024134e-02 
6.23338049e-01 1.35294383e-02 
6.23649871e-01 1.34437697e-02 
6.23961848e-01 1.36173231e-02 
6.24273982e-01 1.34377104e-02 
6.24586272e-01 1.35393496e-02 
6.24898718e-01 1.33266107e-02 
6.25211320e-01 1.33473271e-02 
6.25524078e-01 1.33450941e-02 
6.25836993e-01 1.34335104e-02 
6.26150065e-01 1.35127349e-02 
6.26463293e-01 1.33247594e-02 
6.26776678e-01 1.33794544e-02 
6.27090220e-01 1.34443848e-02 
6.27403918e-01 1.35541203e-02 
6.27717773e-01 1.35334709e-02 
6.28031786e-01 1.35583490e-02 
6.28345955e-01 1.34720079e-02 
6.28660282e-01 1.34649723e-02 
6.28974766e-01 1.34861555e-02 
6.29289407e-01 1.34199791e-02 
6.29604206e-01 1.35601780e-02 
6.29919162e-01 1.34241719e-02 
6.30234276e-01 1.34347098e-02 
6.30549547e-01 1.34368918e-02 
6.30864976e-01 1.35506160e-02 
6.31180563e-01 1.35191493e-02 
6.31496307e-01 1.33090092e-02 
6.31812210e-01 1.34818447e-02 
6.32128270e-01 1.34600333e-02 
6.32444489e-01 1.35248387e-02 
6.32760866e-01 1.35001354e-02 
6.33077401e-01 1.34383857e-02 
6.33394095e-01 1.34669884e-02 
6.33710947e-01 1.35095595e-02 
6.34027957e-01 1.34701383e-02 
6.34345126e-01 1.34285965e-02 
6.34662454e-01 1.34674460e-02 
6.34979940e-01 1.34631455e-02 
6.35297586e-01 1.34769618e-02 
6.35615390e-01 1.34098043e-02 
6.35933353e-01 1.35438275e-02 
6.36251475e-01 1.35141599e-02 
6.36569757e-01 1.35231432e-02 
6.36888197e-01 1.34697675e-02 
6.37206797e-01 1.34488717e-02 
6.37525556e-01 1.35094320e-02 
6.37844475e-01 1.34853198e-02 
6.38163553e-01 1.33387348e-02 
6.38482791e-01 1.33548378e-02 
6.38802189e-01 1.34465326e-02 
6.39121746e-01 1.32952353e-02 
6.39441463e-01 1.34482557e-02 
6.39761340e-01 1.35735849e-02 
6.40081377e-01 1.32698768e-02 
6.40401575e-01 1.33071739e-02 
6.40721932e-01 1.33917533e-02 
6.41042450e-01 1.32859879e-02 
6.41363128e-01 1.33584983e-02 
6.41683966e-01 1.35459869e-02 
6.42004965e-01 1.34562241e-02 
6.42326125e-01 1.35081106e-02 
6.42647445e-01 1.34299782e-02 
6.42968926e-01 1.33545926e-02 
6.43290567e-01 1.35023819e-02 
6.43612370e-01 1.34271711e-02 
6.43934334e-01 1.32554710e-02 
6.44256458e-01 1.32862155e-02 
6.44578744e-01 1.31754756e-02 
6.44901191e-01 1.34809473e-02 
6.45223799e-01 1.32341609e-02 
6.45546569e-01 1.34701718e-02 
6.45869500e-01 1.32247082e-02 
6.46192593e-01 1.33370493e-02 
6.46515847e-01 1.35017089e-02 
6.46839263e-01 1.33711890e-02 
6.47162841e-01 1.32670016e-02 
6.47486581e-01 1.32552084e-02 
6.47810483e-01 1.33282450e-02 
6.48134546e-01 1.32806680e-02 
6.48458772e-01 1.33516394e-02 
6.48783160e-01 1.32397099e-02 
6.49107710e-01 1.33727910e-02 
6.49432423e-01 1.35534112e-02 
6.49757298e-01 1.33670312e-02 
6.50082336e-01 1.34201192e-02 
6.50407536e-01 1.32427454e-02 
6.50732899e-01 1.33349649e-02 
6.51058424e-01 1.35073706e-02 
6.51384113e-01 1.34549674e-02 
6.51709964e-01 1.35651635e-02 
6.52035978e-01 1.32631676e-02 
6.52362156e-01 1.34934726e-02 
6.52688497e-01 1.34317800e-02 
6.53015000e-01 1.33811330e-02 
6.53341668e-01 1.32333321e-02 
6.53668498e-01 1.33267912e-02 
6.53995492e-01 1.33819652e-02 
6.54322650e-01 1.34547419e-02 
6.54649971e-01 1.33184757e-02 
6.54977457e-01 1.34825784e-02 
6.55305105e-01 1.33327375e-02 
6.55632918e-01 1.34584606e-02 
6.55960895e-01 1.34803294e-02 
6.56289036e-01 1.35580487e-02 
6.56617341e-01 1.34824847e-02 
6.56945810e-01 1.33588737e-02 
6.57274444e-01 1.34499984e-02 
6.57603242e-01 1.34290161e-02 
6.57932204e-01 1.33332063e-02 
6.58261331e-01 1.33565159e-02 
6.58590623e-01 1.34875717e-02 
6.58920079e-01 1.35572774e-02 
6.59249701e-01 1.34548000e-02 
6.59579487e-01 1.34719310e-02 
6.59909438e-01 1.34878230e-02 
6.60239554e-01 1.33074422e-02 
6.60569835e-01 1.34421998e-02 
6.60900282e-01 1.34988666e-02 
6.61230893e-01 1.35073390e-02 
6.61561671e-01 1.32257624e-02 
6.61892613e-01 1.34218312e-02 
6.62223721e-01 1.34392831e-02 
6.62554995e-01 1.35320332e-02 
6.62886435e-01 1.35092330e-02 
6.63218040e-01 1.34580653e-02 
6.63549811e-01 1.34616610e-02 
6.63881748e-01 1.35147162e-02 
6.64213852e-01 1.34562191e-02 
6.64546121e-01 1.34472322e-02 
6.64878557e-01 1.34454624e-02 
6.65211159e-01 1.34563513e-02 
6.65543927e-01 1.35442330e-02 
6.65876862e-01 1.34503523e-02 
6.66209963e-01 1.35020625e-02 
6.66543231e-01 1.35098364e-02 
6.66876665e-01 1.34241919e-02 
6.67210267e-01 1.34370276e-02 
6.67544035e-01 1.33874536e-02 
6.67877971e-01 1.34158129e-02 
6.68212073e-01 1.34804876e-02 
6.68546342e-01 1.33186723e-02 
6.68880779e-01 1.33957446e-02 
6.69215383e-01 1.36178175e-02 
6.69550154e-01 1.34740459e-02 
6.69885093e-01 1.35153455e-02 
6.70220200e-01 1.34834123e-02 
6.70555474e-01 1.34897587e-02 
6.70890915e-01 1.35214003e-02 
6.71226525e-01 1.34607620e-02 
6.71562302e-01 1.35938994e-02 
6.71898248e-01 1.33497730e-02 
6.72234361e-01 1.34715370e-02 
6.72570643e-01 1.34892188e-02 
6.72907093e-01 1.34772020e-02 
6.73243711e-01 1.35215998e-02 
6.73580497e-01 1.34008550e-02 
6.73917452e-01 1.34755500e-02 
6.74254576e-01 1.34523312e-02 
6.74591868e-01 1.34815294e-02 
6.74929329e-01 1.33676734e-02 
6.75266959e-01 1.36364448e-02 
6.75604757e-01 1.33439946e-02 
6.75942725e-01 1.35138878e-02 
6.76280862e-01 1.35983755e-02 
6.76619167e-01 1.35408731e-02 
6.76957642e-01 1.36272636e-02 
6.77296287e-01 1.36054217e-02 
6.77635101e-01 1.34177822e-02 
6.77974084e-01 1.33752982e-02 
6.78313237e-01 1.36163250e-02 
6.78652559e-01 1.33472651e-02 
6.78992052e-01 1.35993733e-02 
6.79331714e-01 1.33594486e-02 
6.79671546e-01 1.33175296e-02 
6.80011548e-01 1.35092504e-02 
6.80351720e-01 1.33006247e-02 
6.80692062e-01 1.33904245e-02 
6.81032575e-01 1.34198518e-02 
6.81373257e-01 1.33688027e-02 
6.81714111e-01 1.34994632e-02 
6.82055134e-01 1.34378505e-02 
6.82396329e-01 1.35560780e-02 
6.82737694e-01 1.33024156e-02 
6.83079230e-01 1.33551108e-02 
6.83420936e-01 1.34243835e-02 
6.83762814e-01 1.32577562e-02 
6.84104863e-01 1.34516021e-02 
6.84447082e-01 1.32681696e-02 
6.84789473e-01 1.33204071e-02 
6.85132036e-01 1.32759442e-02 
6.85474769e-01 1.35483351e-02 
6.85817674e-01 1.35987757e-02 
6.86160751e-01 1.33662406e-02 
6.86503999e-01 1.35382881e-02 
6.86847419e-01 1.33388407e-02 
6.87191011e-01 1.35661850e-02 
6.87534774e-01 1.35532628e-02 
6.87878710e-01 1.33179922e-02 
6.88222817e-01 1.33778533e-02 
6.88567097e-01 1.33745837e-02 
6.88911549e-01 1.33775711e-02 
6.89256173e-01 1.32808442e-02 
6.89600970e-01 1.33233141e-02 
6.89945939e-01 1.32819375e-02 
6.90291081e-01 1.34896286e-02 
6.90636395e-01 1.35037571e-02 
6.90981882e-01 1.32099235e-02 
6.91327542e-01 1.33339199e-02 
6.91673375e-01 1.32356016e-02 
6.92019381e-01 1.32361050e-02 
6.92365560e-01 1.33699172e-02 
6.92711912e-01 1.34100251e-02 
6.93058437e-01 1.34120749e-02 
6.93405136e-01 1.32681261e-02 
6.93752008e-01 1.33288927e-02 
6.94099054e-01 1.32232282e-02 
6.94446273e-01 1.32247155e-02 
6.94793666e-01 1.35205300e-02 
6.95141233e-01 1.34424375e-02 
6.95488974e-01 1.33561084e-02 
6.95836888e-01 1.31462699e-02 
6.96184977e-01 1.33593324e-02 
6.96533240e-01 1.31265958e-02 
6.96881677e-01 1.33471879e-02 
6.97230288e-01 1.34980046e-02 
6.97579074e-01 1.33624301e-02 
6.97928034e-01 1.32977141e-02 
6.98277168e-01 1.35519176e-02 
6.98626478e-01 1.34161084e-02 
6.98975962e-01 1.33985983e-02 
6.99325621e-01 1.32450197e-02 
6.99675455e-01 1.35048612e-02 
7.00025464e-01 1.32997707e-02 
7.00375647e-01 1.32695012e-02 
7.00726007e-01 1.33872916e-02 
7.01076541e-01 1.32747975e-02 
7.01427251e-01 1.33886492e-02 
7.01778136e-01 1.31826891e-02 
7.02129197e-01 1.34041841e-02 
7.02480433e-01 1.31668010e-02 
7.02831845e-01 1.31429648e-02 
7.03183433e-01 1.32525444e-02 
7.03535196e-01 1.34084712e-02 
7.03887136e-01 1.33651983e-02 
7.04239252e-01 1.33761020e-02 
7.04591544e-01 1.33686735e-02 
7.04944012e-01 1.30464329e-02 
7.05296656e-01 1.30748608e-02 
7.05649477e-01 1.32882555e-02 
7.06002474e-01 1.30785677e-02 
7.06355648e-01 1.33276578e-02 
7.06708999e-01 1.35532046e-02 
7.07062526e-01 1.34936214e-02 
7.07416230e-01 1.32033023e-02 
7.07770112e-01 1.32644804e-02 
7.08124170e-01 1.33653481e-02 
7.08478405e-01 1.34996567e-02 
7.08832818e-01 1.33342051e-02 
7.09187407e-01 1.36921128e-02 
7.09542174e-01 1.33616397e-02 
7.09897119e-01 1.32545540e-02 
7.10252241e-01 1.32996684e-02 
7.10607541e-01 1.32434183e-02 
7.10963019e-01 1.33396145e-02 
7.11318674e-01 1.33522456e-02 
7.11674507e-01 1.37027638e-02 
7.12030519e-01 1.36051923e-02 
7.12386708e-01 1.32824166e-02 
7.12743076e-01 1.36417181e-02 
7.13099622e-01 1.34544903e-02 
7.13456346e-01 1.32170851e-02 
7.13813248e-01 1.31876334e-02 
7.14170330e-01 1.33397334e-02 
7.14527589e-01 1.33149502e-02 
7.14885028e-01 1.32647533e-02 
7.15242645e-01 1.34743889e-02 
7.15600442e-01 1.33463178e-02 
7.15958417e-01 1.33123427e-02 
7.16316571e-01 1.32852339e-02 
7.16674905e-01 1.35370414e-02 
7.17033417e-01 1.32956778e-02 
7.17392110e-01 1.32777715e-02 
7.17750981e-01 1.35604230e-02 
7.18110032e-01 1.34149569e-02 
7.18469263e-01 1.34807970e-02 
7.18828673e-01 1.36633691e-02 
7.19188263e-01 1.33154177e-02 
7.19548033e-01 1.33731215e-02 
7.19907983e-01 1.34128945e-02 
7.20268113e-01 1.32669096e-02 
7.20628424e-01 1.32141090e-02 
7.20988914e-01 1.37126898e-02 
7.21349585e-01 1.32995622e-02 
7.21710436e-01 1.32897796e-02 
7.22071468e-01 1.33503527e-02 
7.22432680e-01 1.32216706e-02 
7.22794073e-01 1.35654901e-02 
7.23155647e-01 1.33396757e-02 
7.23517402e-01 1.32826617e-02 
7.23879337e-01 1.32588774e-02 
7.24241454e-01 1.34933626e-02 
7.24603752e-01 1.34296770e-02 
7.24966231e-01 1.34439430e-02 
7.25328891e-01 1.33413477e-02 
7.25691733e-01 1.36037536e-02 
7.26054757e-01 1.32686125e-02 
7.26417962e-01 1.33010286e-02 
7.26781348e-01 1.33285099e-02 
7.27144917e-01 1.32421964e-02 
7.27508667e-01 1.35167770e-02 
7.27872599e-01 1.32829442e-02 
7.28236714e-01 1.32071549e-02 
7.28601010e-01 1.35552541e-02 
7.28965489e-01 1.34562012e-02 
7.29330150e-01 1.32833866e-02 
7.29694993e-01 1.33838570e-02 
7.30060019e-01 1.35193547e-02 
7.30425228e-01 1.32107272e-02 
7.30790619e-01 1.32647503e-02 
7.31156193e-01 1.34235267e-02 
7.31521950e-01 1.32347409e-02 
7.31887890e-01 1.33838290e-02 
7.32254013e-01 1.32108792e-02 
7.32620319e-01 1.32889295e-02 
7.32986808e-01 1.32593966e-02 
7.33353481e-01 1.32504217e-02 
7.33720337e-01 1.34103112e-02 
7.34087377e-01 1.30643468e-02 
7.34454600e-01 1.34209210e-02 
7.34822007e-01 1.32946812e-02 
7.35189598e-01 1.32870071e-02 
7.35557372e-01 1.31531693e-02 
7.35925331e-01 1.32690092e-02 
7.36293473e-01 1.32177114e-02 
7.36661800e-01 1.31446074e-02 
7.37030311e-01 1.31862110e-02 
7.37399007e-01 1.32688915e-02 
7.37767887e-01 1.32798804e-02 
7.38136951e-01 1.33209274e-02 
7.38506200e-01 1.33910294e-02 
7.38875634e-01 1.32444099e-02 
7.39245252e-01 1.32043918e-02 
7.39615056e-01 1.31596954e-02 
7.39985044e-01 1.32078323e-02 
7.40355218e-01 1.32647423e-02 
7.40725576e-01 1.31777901e-02 
7.41096120e-01 1.31676124e-02 
7.41466849e-01 1.32735169e-02 
7.41837764e-01 1.31750360e-02 
7.42208865e-01 1.32333761e-02 
7.42580151e-01 1.31898412e-02 
7.42951622e-01 1.31953127e-02 
7.43323280e-01 1.33646218e-02 
7.43695123e-01 1.32496376e-02 
7.44067153e-01 1.32418453e-02 
7.44439368e-01 1.31961139e-02 
7.44811770e-01 1.30423523e-02 
7.45184358e-01 1.31866766e-02 
7.45557132e-01 1.31972139e-02 
7.45930093e-01 1.31752236e-02 
7.46303241e-01 1.32121225e-02 
7.46676575e-01 1.31823998e-02 
7.47050096e-01 1.31322333e-02 
7.47423804e-01 1.31727325e-02 
7.47797698e-01 1.31262711e-02 
7.48171780e-01 1.30751785e-02 
7.48546049e-01 1.31756028e-02 
7.48920505e-01 1.31582403e-02 
7.49295149e-01 1.31340386e-02 
7.49669979e-01 1.32121024e-02 
7.50044998e-01 1.31877508e-02 
7.50420204e-01 1.31438505e-02 
7.50795597e-01 1.32175963e-02 
7.51171179e-01 1.32217783e-02 
7.51546948e-01 1.31735984e-02 
7.51922905e-01 1.32990562e-02 
7.52299051e-01 1.31816108e-02 
7.52675384e-01 1.31868431e-02 
7.53051906e-01 1.32456931e-02 
7.53428616e-01 1.32135080e-02 
7.53805515e-01 1.31779936e-02 
7.54182602e-01 1.32714045e-02 
7.54559878e-01 1.31941145e-02 
7.54937342e-01 1.31846565e-02 
7.55314995e-01 1.31696957e-02 
7.55692838e-01 1.31006117e-02 
7.56070869e-01 1.32016165e-02 
7.56449089e-01 1.31980595e-02 
7.56827499e-01 1.31001848e-02 
7.57206098e-01 1.32750279e-02 
7.57584886e-01 1.32376876e-02 
7.57963864e-01 1.32458404e-02 
7.58343031e-01 1.32813162e-02 
7.58722388e-01 1.31482151e-02 
7.59101935e-01 1.31233316e-02 
7.59481671e-01 1.31764308e-02 
7.59861598e-01 1.32154197e-02 
7.60241715e-01 1.30743926e-02 
7.60622021e-01 1.31824499e-02 
7.61002518e-01 1.35258170e-02 
7.61383206e-01 1.32072255e-02 
7.61764084e-01 1.32790939e-02 
7.62145152e-01 1.32520846e-02 
7.62526411e-01 1.31713320e-02 
7.62907861e-01 1.32506849e-02 
7.63289501e-01 1.32734250e-02 
7.63671333e-01 1.32396259e-02 
7.64053355e-01 1.35183364e-02 
7.64435569e-01 1.31774849e-02 
7.64817973e-01 1.35708789e-02 
7.65200569e-01 1.32828084e-02 
7.65583357e-01 1.34313055e-02 
7.65966336e-01 1.31420038e-02 
7.66349506e-01 1.31510529e-02 
7.66732868e-01 1.31629140e-02 
7.67116422e-01 1.31348748e-02 
7.67500168e-01 1.34890320e-02 
7.67884106e-01 1.33846302e-02 
7.68268236e-01 1.34875833e-02 
7.68652558e-01 1.32912464e-02 
7.69037072e-01 1.30762961e-02 
7.69421779e-01 1.35518000e-02 
7.69806678e-01 1.34973491e-02 
7.70191769e-01 1.31672395e-02 
7.70577054e-01 1.30593989e-02 
7.70962531e-01 1.36159077e-02 
7.71348201e-01 1.35082359e-02 
7.71734063e-01 1.34840466e-02 
7.72120119e-01 1.32810942e-02 
7.72506368e-01 1.32886970e-02 
7.72892810e-01 1.31884315e-02 
7.73279446e-01 1.32337826e-02 
7.73666274e-01 1.34590855e-02 
7.74053297e-01 1.31795762e-02 
7.74440513e-01 1.31946293e-02 
7.74827922e-01 1.34170663e-02 
7.75215526e-01 1.33836092e-02 
7.75603323e-01 1.34769032e-02 
7.75991315e-01 1.31709761e-02 
7.76379500e-01 1.30864786e-02 
7.76767880e-01 1.34679820e-02 
7.77156454e-01 1.33403104e-02 
7.77545222e-01 1.35360477e-02 
7.77934185e-01 1.31759038e-02 
7.78323342e-01 1.34735432e-02 
7.78712694e-01 1.34658757e-02 
7.79102241e-01 1.35602785e-02 
7.79491983e-01 1.35269655e-02 
7.79881919e-01 1.31985968e-02 
7.80272051e-01 1.33231294e-02 
7.80662378e-01 1.34684370e-02 
7.81052900e-01 1.35011472e-02 
7.81443617e-01 1.34050125e-02 
7.81834530e-01 1.31570095e-02 
7.82225639e-01 1.32925003e-02 
7.82616943e-01 1.34781101e-02 
7.83008443e-01 1.33249555e-02 
7.83400139e-01 1.33947294e-02 
7.83792030e-01 1.34291802e-02 
7.84184118e-01 1.33593878e-02 
7.84576402e-01 1.34251532e-02 
7.84968882e-01 1.32144871e-02 
7.85361558e-01 1.32550387e-02 
7.85754431e-01 1.33370928e-02 
7.86147501e-01 1.35298431e-02 
7.86540767e-01 1.32987744e-02 
7.86934229e-01 1.33414461e-02 
7.87327889e-01 1.33916457e-02 
7.87721745e-01 1.35038615e-02 
7.88115799e-01 1.33256588e-02 
7.88510050e-01 1.32161608e-02 
7.88904498e-01 1.34005378e-02 
7.89299143e-01 1.33580809e-02 
7.89693985e-01 1.30114257e-02 
7.90089025e-01 1.31863528e-02 
7.90484263e-01 1.32936393e-02 
7.90879699e-01 1.33484549e-02 
7.91275332e-01 1.34621585e-02 
7.91671163e-01 1.33973313e-02 
7.92067192e-01 1.31418725e-02 
7.92463420e-01 1.32275131e-02 
7.92859845e-01 1.32839197e-02 
7.93256469e-01 1.33445495e-02 
7.93653291e-01 1.32063557e-02 
7.94050312e-01 1.32520680e-02 
7.94447531e-01 1.33514956e-02 
7.94844949e-01 1.34402079e-02 
7.95242566e-01 1.31007062e-02 
7.95640382e-01 1.32847327e-02 
7.96038397e-01 1.33747854e-02 
7.96436611e-01 1.32389190e-02 
7.96835024e-01 1.31632610e-02 
7.97233636e-01 1.32165689e-02 
7.97632448e-01 1.31656337e-02 
7.98031459e-01 1.32870009e-02 
7.98430670e-01 1.32160855e-02 
7.98830081e-01 1.32454147e-02 
7.99229691e-01 1.33154293e-02 
7.99629502e-01 1.32887538e-02 
8.00029512e-01 1.31890002e-02 
8.00429722e-01 1.33981034e-02 
8.00830133e-01 1.31701416e-02 
8.01230744e-01 1.33058267e-02 
8.01631555e-01 1.33239877e-02 
8.02032567e-01 1.30722053e-02 
8.02433780e-01 1.32258926e-02 
8.02835193e-01 1.32513355e-02 
8.03236807e-01 1.30108705e-02 
8.03638622e-01 1.33121466e-02 
8.04040637e-01 1.32794477e-02 
8.04442854e-01 1.32706357e-02 
8.04845273e-01 1.33422459e-02 
8.05247892e-01 1.32687494e-02 
8.05650713e-01 1.33176055e-02 
8.06053735e-01 1.33066949e-02 
8.06456959e-01 1.32965349e-02 
8.06860385e-01 1.31526613e-02 
8.07264013e-01 1.33302672e-02 
8.07667842e-01 1.32483230e-02 
8.08071874e-01 1.32879635e-02 
8.08476107e-01 1.32703178e-02 
8.08880543e-01 1.32463212e-02 
8.09285181e-01 1.31992422e-02 
8.09690022e-01 1.31499781e-02 
8.10095065e-01 1.32669591e-02 
8.10500310e-01 1.31664729e-02 
8.10905759e-01 1.32850088e-02 
8.11311410e-01 1.32230070e-02 
8.11717264e-01 1.31165880e-02 
8.12123321e-01 1.30906665e-02 
8.12529581e-01 1.31925369e-02 
8.12936045e-01 1.30620962e-02 
8.13342712e-01 1.31553710e-02 
8.13749582e-01 1.30139628e-02 
8.14156656e-01 1.31960521e-02 
8.14563933e-01 1.30655827e-02 
8.14971415e-01 1.32673688e-02 
8.15379100e-01 1.31401067e-02 
8.15786989e-01 1.32296424e-02 
8.16195082e-01 1.32083563e-02 
8.16603379e-01 1.30360221e-02 
8.17011880e-01 1.31475697e-02 
8.17420586e-01 1.29743588e-02 
8.17829496e-01 1.31469752e-02 
8.18238611e-01 1.31067921e-02 
8.18647930e-01 1.31420414e-02 
8.19057455e-01 1.31799906e-02 
8.19467184e-01 1.31866649e-02 
8.19877118e-01 1.31634481e-02 
8.20287257e-01 1.31899162e-02 
8.20697601e-01 1.31420607e-02 
8.21108150e-01 1.32863068e-02 
8.21518905e-01 1.34131180e-02 
8.21929866e-01 1.31562092e-02 
8.22341032e-01 1.34522693e-02 
8.22752403e-01 1.33752670e-02 
8.23163981e-01 1.31666718e-02 
8.23575764e-01 1.32087324e-02 
8.23987753e-01 1.32974024e-02 
8.24399949e-01 1.34070661e-02 
8.24812350e-01 1.30997154e-02 
8.25224958e-01 1.30985611e-02 
8.25637773e-01 1.31300146e-02 
8.26050793e-01 1.32935492e-02 
8.26464021e-01 1.31504551e-02 
8.26877455e-01 1.34383933e-02 
8.27291096e-01 1.29889555e-02 
8.27704944e-01 1.32001440e-02 
8.28118999e-01 1.30083510e-02 
8.28533261e-01 1.32364813e-02 
8.28947730e-01 1.33580179e-02 
8.29362407e-01 1.31583046e-02 
8.29777291e-01 1.32182820e-02 
8.30192382e-01 1.33174350e-02 
8.30607682e-01 1.31776303e-02 
8.31023189e-01 1.31126409e-02 
8.31438903e-01 1.33118261e-02 
8.31854826e-01 1.32784964e-02 
8.32270957e-01 1.33007257e-02 
8.32687296e-01 1.30686221e-02 
8.33103843e-01 1.32554652e-02 
8.33520599e-01 1.32199793e-02 
8.33937563e-01 1.33265543e-02 
8.34354736e-01 1.32836848e-02 
8.34772117e-01 1.33560667e-02 
8.35189708e-01 1.33718483e-02 
8.35607507e-01 1.33313822e-02 
8.36025515e-01 1.30042093e-02 
8.36443732e-01 1.31375397e-02 
8.36862159e-01 1.30057853e-02 
8.37280794e-01 1.33350238e-02 
8.37699640e-01 1.33883046e-02 
8.38118694e-01 1.30612117e-02 
8.38537959e-01 1.32865536e-02 
8.38957433e-01 1.32626181e-02 
8.39377117e-01 1.29843545e-02 
8.39797010e-01 1.30063945e-02 
8.40217114e-01 1.32653212e-02 
8.40637428e-01 1.33532362e-02 
8.41057953e-01 1.30087490e-02 
8.41478687e-01 1.31052304e-02 
8.41899633e-01 1.29490345e-02 
8.42320788e-01 1.30541062e-02 
8.42742155e-01 1.33355346e-02 
8.43163732e-01 1.33952876e-02 
8.43585520e-01 1.33711187e-02 
8.44007519e-01 1.32094518e-02 
8.44429729e-01 1.31200919e-02 
8.44852151e-01 1.33592770e-02 
8.45274783e-01 1.31446582e-02 
8.45697627e-01 1.33749676e-02 
8.46120683e-01 1.34288566e-02 
8.46543950e-01 1.32482007e-02 
8.46967429e-01 1.34027236e-02 
8.47391120e-01 1.34749690e-02 
8.47815023e-01 1.35302364e-02 
8.48239138e-01 1.34082226e-02 
8.48663465e-01 1.30942822e-02 
8.49088004e-01 1.34190946e-02 
8.49512756e-01 1.33057936e-02 
8.49937720e-01 1.34335058e-02 
8.50362897e-01 1.33058242e-02 
8.50788286e-01 1.34121075e-02 
8.51213889e-01 1.33729528e-02 
8.51639704e-01 1.33163196e-02 
8.52065732e-01 1.33996671e-02 
8.52491973e-01 1.33200693e-02 
8.52918428e-01 1.33387127e-02 
8.53345095e-01 1.33448376e-02 
8.53771977e-01 1.33367406e-02 
8.54199071e-01 1.33422278e-02 
8.54626380e-01 1.34498982e-02 
8.55053902e-01 1.32083271e-02 
8.55481638e-01 1.31882809e-02 
8.55909588e-01 1.34191072e-02 
8.56337752e-01 1.33405786e-02 
8.56766131e-01 1.30755829e-02 
8.57194723e-01 1.33013914e-02 
8.57623530e-01 1.33068785e-02 
8.58052552e-01 1.33669464e-02 
8.58481788e-01 1.34154591e-02 
8.58911239e-01 1.33469334e-02 
8.59340905e-01 1.32119841e-02 
8.59770785e-01 1.33259656e-02 
8.60200881e-01 1.33567161e-02 
8.60631192e-01 1.33444682e-02 
8.61061718e-01 1.32431559e-02 
8.61492459e-01 1.30933710e-02 
8.61923416e-01 1.33512122e-02 
8.62354589e-01 1.33738966e-02 
8.62785977e-01 1.33095428e-02 
8.63217581e-01 1.33104532e-02 
8.63649401e-01 1.31686605e-02 
8.64081437e-01 1.32792191e-02 
8.64513689e-01 1.30206731e-02 
8.64946157e-01 1.32855989e-02 
8.65378842e-01 1.33171923e-02 
8.65811743e-01 1.32741843e-02 
8.66244860e-01 1.32263848e-02 
8.66678195e-01 1.32849902e-02 
8.67111746e-01 1.31819813e-02 
8.67545514e-01 1.32295089e-02 
8.67979499e-01 1.32296484e-02 
8.68413701e-01 1.33125746e-02 
8.68848120e-01 1.30928144e-02 
8.69282757e-01 1.32013854e-02 
8.69717610e-01 1.33047848e-02 
8.70152682e-01 1.32552179e-02 
8.70587971e-01 1.32715444e-02 
8.71023478e-01 1.31558289e-02 
8.71459203e-01 1.31947285e-02 
8.71895146e-01 1.31607657e-02 
8.72331306e-01 1.31991710e-02 
8.72767685e-01 1.31374354e-02 
8.73204283e-01 1.32596947e-02 
8.73641098e-01 1.32704421e-02 
8.74078133e-01 1.31335732e-02 
8.74515386e-01 1.32858632e-02 
8.74952857e-01 1.31548799e-02 
8.75390548e-01 1.31603642e-02 
8.75828457e-01 1.31577713e-02 
8.76266585e-01 1.32431168e-02 
8.76704933e-01 1.32077652e-02 
8.77143500e-01 1.30151264e-02 
8.77582286e-01 1.31051572e-02 
8.78021292e-01 1.30923671e-02 
8.78460517e-01 1.31039315e-02 
8.78899962e-01 1.31321554e-02 
8.79339627e-01 1.30943687e-02 
8.79779512e-01 1.31116135e-02 
8.80219617e-01 1.30891565e-02 
8.80659942e-01 1.31618761e-02 
8.81100488e-01 1.29752552e-02 
8.81541253e-01 1.31361949e-02 
8.81982240e-01 1.30193803e-02 
8.82423446e-01 1.32041387e-02 
8.82864874e-01 1.30168910e-02 
8.83306522e-01 1.30826214e-02 
8.83748392e-01 1.31038586e-02 
8.84190482e-01 1.30633372e-02 
8.84632793e-01 1.31224457e-02 
8.85075326e-01 1.30176796e-02 
8.85518080e-01 1.30479475e-02 
8.85961056e-01 1.31630894e-02 
8.86404253e-01 1.34020336e-02 
8.86847672e-01 1.34078526e-02 
8.87291313e-01 1.30105943e-02 
8.87735176e-01 1.30416018e-02 
8.88179260e-01 1.31202045e-02 
8.88623567e-01 1.35146961e-02 
8.89068096e-01 1.32207895e-02 
8.89512848e-01 1.35821109e-02 
8.89957822e-01 1.30598712e-02 
8.90403018e-01 1.35532267e-02 
8.90848438e-01 1.30639822e-02 
8.91294080e-01 1.34755342e-02 
8.91739945e-01 1.31672241e-02 
8.92186033e-01 1.31079979e-02 
8.92632344e-01 1.30931887e-02 
8.93078878e-01 1.30793168e-02 
8.93525636e-01 1.29634521e-02 
8.93972618e-01 1.34563248e-02 
8.94419823e-01 1.34252257e-02 
8.94867251e-01 1.34703750e-02 
8.95314904e-01 1.30959056e-02 
8.95762780e-01 1.32469951e-02 
8.96210881e-01 1.33670673e-02 
8.96659205e-01 1.29700143e-02 
8.97107754e-01 1.29433351e-02 
8.97556528e-01 1.30638232e-02 
8.98005525e-01 1.33876276e-02 
8.98454748e-01 1.35063982e-02 
8.98904195e-01 1.30098387e-02 
8.99353867e-01 1.34837726e-02 
8.99803764e-01 1.29333635e-02 
9.00253886e-01 1.29582691e-02 
9.00704233e-01 1.30322819e-02 
9.01154805e-01 1.30752017e-02 
9.01605603e-01 1.30894784e-02 
9.02056626e-01 1.30998790e-02 
9.02507875e-01 1.33958843e-02 
9.02959350e-01 1.32598943e-02 
9.03411050e-01 1.30933758e-02 
9.03862977e-01 1.33769354e-02 
9.04315129e-01 1.31975473e-02 
9.04767508e-01 1.31016452e-02 
9.05220113e-01 1.29475808e-02 
9.05672945e-01 1.28428202e-02 
9.06126003e-01 1.30150827e-02 
9.06579287e-01 1.29937138e-02 
9.07032799e-01 1.33088862e-02 
9.07486537e-01 1.31335934e-02 
9.07940502e-01 1.34367017e-02 
9.08394694e-01 1.31309883e-02 
9.08849114e-01 1.30713564e-02 
9.09303761e-01 1.30411096e-02 
9.09758635e-01 1.33666330e-02 
9.10213737e-01 1.28561146e-02 
9.10669066e-01 1.31576538e-02 
9.11124624e-01 1.31917782e-02 
9.11580409e-01 1.32716860e-02 
9.12036422e-01 1.31375496e-02 
9.12492663e-01 1.30644678e-02 
9.12949133e-01 1.30398219e-02 
9.13405831e-01 1.30725218e-02 
9.13862757e-01 1.31137723e-02 
9.14319912e-01 1.32895083e-02 
9.14777295e-01 1.29817433e-02 
9.15234908e-01 1.32432926e-02 
9.15692749e-01 1.32018271e-02 
9.16150819e-01 1.28841711e-02 
9.16609119e-01 1.30219296e-02 
9.17067648e-01 1.28239380e-02 
9.17526406e-01 1.31385614e-02 
9.17985393e-01 1.30008941e-02 
9.18444611e-01 1.31412957e-02 
9.18904058e-01 1.30468674e-02 
9.19363734e-01 1.32492735e-02 
9.19823641e-01 1.31213078e-02 
9.20283778e-01 1.31167826e-02 
9.20744145e-01 1.29625015e-02 
9.21204742e-01 1.31922544e-02 
9.21665570e-01 1.31630577e-02 
9.22126628e-01 1.32200858e-02 
9.22587917e-01 1.32570177e-02 
9.23049436e-01 1.32205105e-02 
9.23511187e-01 1.31544707e-02 
9.23973168e-01 1.31005368e-02 
9.24435381e-01 1.28526126e-02 
9.24897825e-01 1.32764159e-02 
9.25360500e-01 1.30053137e-02 
9.25823406e-01 1.32079367e-02 
9.26286545e-01 1.31565381e-02 
9.26749914e-01 1.30181307e-02 
9.27213516e-01 1.32107217e-02 
9.27677350e-01 1.28868752e-02 
9.28141415e-01 1.29102097e-02 
9.28605713e-01 1.31761385e-02 
9.29070243e-01 1.31613984e-02 
9.29535005e-01 1.31061731e-02 
9.30000000e-01 1.32010201e-02 
